 # Column 1: omega
 # Column 2: eps2(omega)
 # Column 3: eps1(omega)
 # Column 4: JDOS(omega)
     0.000000000     0.000000000     2.791796885     0.000000000
     0.010000000     0.000000000     2.791925067     0.000000000
     0.020000000     0.000000000     2.792309735     0.000000000
     0.030000000     0.000000000     2.792951252     0.000000000
     0.040000000     0.000000000     2.793850224     0.000000000
     0.050000000     0.000000000     2.795007502     0.000000000
     0.060000000     0.000000000     2.796424182     0.000000000
     0.070000000     0.000000000     2.798101611     0.000000000
     0.080000000     0.000000000     2.800041389     0.000000000
     0.090000000     0.000000000     2.802245370     0.000000000
     0.100000000     0.000000000     2.804715671     0.000000000
     0.110000000     0.000000000     2.807454675     0.000000000
     0.120000000     0.000000000     2.810465037     0.000000000
     0.130000000     0.000000000     2.813749690     0.000000000
     0.140000000     0.000000000     2.817311855     0.000000000
     0.150000000     0.000000000     2.821155047     0.000000000
     0.160000000     0.000000000     2.825283083     0.000000000
     0.170000000     0.000000000     2.829700096     0.000000000
     0.180000000     0.000000000     2.834410541     0.000000000
     0.190000000     0.000000000     2.839419211     0.000000000
     0.200000000     0.000000000     2.844731248     0.000000000
     0.210000000     0.000000000     2.850352156     0.000000000
     0.220000000     0.000000000     2.856287818     0.000000000
     0.230000000     0.000000000     2.862544511     0.000000000
     0.240000000     0.000000000     2.869128925     0.000000000
     0.250000000     0.000000000     2.876048182     0.000000000
     0.260000000     0.000000000     2.883309855     0.000000000
     0.270000000     0.000000000     2.890921993     0.000000000
     0.280000000     0.000000000     2.898893144     0.000000000
     0.290000000     0.000000000     2.907232382     0.000000000
     0.300000000     0.000000000     2.915949333     0.000000000
     0.310000000     0.000000000     2.925054208     0.000000000
     0.320000000     0.000000000     2.934557836     0.000000000
     0.330000000     0.000000000     2.944471697     0.000000000
     0.340000000     0.000000000     2.954807964     0.000000000
     0.350000000     0.000000000     2.965579544     0.000000000
     0.360000000     0.000000000     2.976800120     0.000000000
     0.370000000     0.000000000     2.988484207     0.000000000
     0.380000000     0.000000000     3.000647197     0.000000000
     0.390000000     0.000000000     3.013305421     0.000000000
     0.400000000     0.000000000     3.026476214     0.000000000
     0.410000000     0.000000000     3.040177977     0.000000000
     0.420000000     0.000000000     3.054430256     0.000000000
     0.430000000     0.000000000     3.069253819     0.000000000
     0.440000000     0.000000000     3.084670749     0.000000000
     0.450000000     0.000000000     3.100704532     0.000000000
     0.460000000     0.000000000     3.117380169     0.000000000
     0.470000000     0.000000000     3.134724286     0.000000000
     0.480000000     0.000000000     3.152765261     0.000000000
     0.490000000     0.000000000     3.171533360     0.000000000
     0.500000000     0.000000000     3.191060888     0.000000000
     0.510000000     0.000000000     3.211382354     0.000000000
     0.520000000     0.000000000     3.232534655     0.000000000
     0.530000000     0.000000000     3.254557272     0.000000000
     0.540000000     0.000000000     3.277492493     0.000000000
     0.550000000     0.000000000     3.301385661     0.000000000
     0.560000000     0.000000000     3.326285437     0.000000000
     0.570000000     0.000000000     3.352244104     0.000000000
     0.580000000     0.000000000     3.379317898     0.000000000
     0.590000000     0.000000000     3.407567377     0.000000000
     0.600000000     0.000000000     3.437057835     0.000000000
     0.610000000     0.000000000     3.467859755     0.000000000
     0.620000000     0.000000000     3.500049327     0.000000000
     0.630000000     0.000000000     3.533709022     0.000000000
     0.640000000     0.000000000     3.568928231     0.000000000
     0.650000000     0.000000000     3.605803996     0.000000000
     0.660000000     0.000000000     3.644441819     0.000000000
     0.670000000     0.000000000     3.684956586     0.000000000
     0.680000000     0.000000000     3.727473605     0.000000000
     0.690000000     0.000000000     3.772129782     0.000000000
     0.700000000     0.000000000     3.819074964     0.000000000
     0.710000000     0.000000000     3.868473457     0.000000000
     0.720000000     0.000000001     3.920505761     0.000000000
     0.730000000     0.000000005     3.975370553     0.000000000
     0.740000000     0.000000018     4.033286958     0.000000000
     0.750000000     0.000000058     4.094497145     0.000000000
     0.760000000     0.000000185     4.159269324     0.000000001
     0.770000000     0.000000565     4.227901180     0.000000002
     0.780000000     0.000001660     4.300723840     0.000000006
     0.790000000     0.000004696     4.378106444     0.000000018
     0.800000000     0.000012774     4.460461417     0.000000048
     0.810000000     0.000033432     4.548250549     0.000000126
     0.820000000     0.000084209     4.641991999     0.000000315
     0.830000000     0.000204207     4.742268320     0.000000756
     0.840000000     0.000476960     4.849735627     0.000001746
     0.850000000     0.001073514     4.965133947     0.000003875
     0.860000000     0.002329705     5.089298733     0.000008272
     0.870000000     0.004878087     5.223173350     0.000016979
     0.880000000     0.009862290     5.367822007     0.000033522
     0.890000000     0.019268249     5.524442034     0.000063682
     0.900000000     0.036410370     5.694373367     0.000116440
     0.910000000     0.066607412     5.879101198     0.000205013
     0.920000000     0.118067160     6.080244413     0.000347770
     0.930000000     0.202963233     6.299516470     0.000568751
     0.940000000     0.338622128     6.538634679     0.000897456
     0.950000000     0.548634771     6.799135079     0.001367645
     0.960000000     0.863562215     7.082017534     0.002014996
     0.970000000     1.320736062     7.387092345     0.002873752
     0.980000000     1.962509519     7.711822676     0.003972682
     0.990000000     2.832284652     8.049383361     0.005330826
     1.000000000     3.967843676     8.385719838     0.006953429
     1.010000000     5.392050009     8.695983013     0.008828276
     1.020000000     7.101871671     8.942433093     0.010922392
     1.030000000     9.057762699     9.077864854     0.013179097
     1.040000000    11.176369467     9.054044179     0.015515727
     1.050000000    13.329834698     8.816877023     0.017823024
     1.060000000    15.354234367     8.267928871     0.019967843
     1.070000000    17.067778569     7.229323385     0.021801007
     1.080000000    18.296687432     5.503144447     0.023171359
     1.090000000    18.903933354     3.064536926     0.023945364
     1.100000000    18.814348893     0.251366565     0.024029352
     1.110000000    18.029749527    -2.336563382     0.023389706
     1.120000000    16.629906956    -4.227243076     0.022065739
     1.130000000    14.758839223    -5.314920824     0.020171249
     1.140000000    12.599765911    -5.758105100     0.017883483
     1.150000000    10.344893060    -5.781167291     0.015421511
     1.160000000     8.167045235    -5.566830211     0.013018680
     1.170000000     6.198918988    -5.235295437     0.010894816
     1.180000000     4.523021634    -4.857345124     0.009233143
     1.190000000     3.172243323    -4.471791955     0.008164825
     1.200000000     2.138517574    -4.098562242     0.007761737
     1.210000000     1.385774542    -3.746950750     0.008036360
     1.220000000     0.863451369    -3.420459747     0.008947049
     1.230000000     0.517822380    -3.119538350     0.010407113
     1.240000000     0.299783971    -2.843104679     0.012296631
     1.250000000     0.168970175    -2.589380693     0.014476035
     1.260000000     0.094891766    -2.356343795     0.016800117
     1.270000000     0.056125605    -2.141967105     0.019130486
     1.280000000     0.038538679    -1.944345814     0.021344337
     1.290000000     0.033284818    -1.761766448     0.023338117
     1.300000000     0.035016218    -1.592753899     0.025026408
     1.310000000     0.040503482    -1.436118265     0.026338342
     1.320000000     0.047693097    -1.291009931     0.027215121
     1.330000000     0.055144249    -1.156958781     0.027611928
     1.340000000     0.061753771    -1.033795207     0.027505469
     1.350000000     0.066674624    -0.921254315     0.026905394
     1.360000000     0.069343317    -0.818207637     0.025865288
     1.370000000     0.069547542    -0.722169531     0.024488011
     1.380000000     0.067484467    -0.630077843     0.022921659
     1.390000000     0.063780900    -0.539813861     0.021345553
     1.400000000     0.059466135    -0.450741729     0.019949345
     1.410000000     0.055902438    -0.363092713     0.018910762
     1.420000000     0.054683807    -0.277252652     0.018377724
     1.430000000     0.057510740    -0.193454076     0.018458552
     1.440000000     0.066041501    -0.111757740     0.019220567
     1.450000000     0.081715896    -0.032139825     0.020694121
     1.460000000     0.105552664     0.045392746     0.022877436
     1.470000000     0.137938572     0.120662366     0.025738129
     1.480000000     0.178451404     0.193127190     0.029209899
     1.490000000     0.225778286     0.261597034     0.033186319
     1.500000000     0.277790871     0.323855784     0.037516642
     1.510000000     0.331809555     0.376346552     0.042009517
     1.520000000     0.385031888     0.414497849     0.046448855
     1.530000000     0.435032157     0.434800399     0.050621993
     1.540000000     0.480187729     0.438956888     0.054355080
     1.550000000     0.519881369     0.436510725     0.057546173
     1.560000000     0.554382259     0.440334381     0.060184840
     1.570000000     0.584412281     0.457849312     0.062349420
     1.580000000     0.610523867     0.487530190     0.064179217
     1.590000000     0.632503570     0.521749227     0.065827139
     1.600000000     0.649030411     0.550337993     0.067405741
     1.610000000     0.657745575     0.562959186     0.068943365
     1.620000000     0.655751742     0.552568098     0.070365294
     1.630000000     0.640407064     0.521223456     0.071507758
     1.640000000     0.610170063     0.483063534     0.072162499
     1.650000000     0.565229779     0.456911286     0.072140061
     1.660000000     0.507727665     0.454011696     0.071334347
     1.670000000     0.441513442     0.474405351     0.069771103
     1.680000000     0.371522778     0.512114820     0.067628402
     1.690000000     0.302967140     0.560618940     0.065225513
     1.700000000     0.240554424     0.615101945     0.062984518
     1.710000000     0.187913967     0.672585617     0.061374105
     1.720000000     0.147309285     0.731411086     0.060846349
     1.730000000     0.119626109     0.790717753     0.061775713
     1.740000000     0.104555667     0.850062135     0.064406950
     1.750000000     0.100869697     0.909149282     0.068816755
     1.760000000     0.106700400     0.967619340     0.074893351
     1.770000000     0.119777769     1.024848747     0.082338199
     1.780000000     0.137617214     1.079782259     0.090692921
     1.790000000     0.157676558     1.130948035     0.099391483
     1.800000000     0.177507617     1.177001397     0.107832560
     1.810000000     0.194917569     1.217994908     0.115461376
     1.820000000     0.208138558     1.256403631     0.121846401
     1.830000000     0.215989919     1.295984061     0.126735961
     1.840000000     0.218012270     1.339064431     0.130083681
     1.850000000     0.214557675     1.385833752     0.132038626
     1.860000000     0.206832701     1.436484622     0.132903801
     1.870000000     0.196906710     1.493000433     0.133073183
     1.880000000     0.187711655     1.558143995     0.132960929
     1.890000000     0.183067604     1.633352930     0.132936777
     1.900000000     0.187766773     1.718301086     0.133279158
     1.910000000     0.207734656     1.811844374     0.134153158
     1.920000000     0.250257146     1.912813642     0.135614827
     1.930000000     0.324216591     2.020226527     0.137637408
     1.940000000     0.440220632     2.133239902     0.140149807
     1.950000000     0.610445966     2.251084446     0.143074775
     1.960000000     0.847975629     2.372749582     0.146355065
     1.970000000     1.165414152     2.495839104     0.149960779
     1.980000000     1.572655685     2.614611493     0.153878858
     1.990000000     2.073880425     2.718449805     0.158093419
     2.000000000     2.664155375     2.792476521     0.162569887
     2.010000000     3.326353325     2.821177817     0.167254440
     2.020000000     4.029358947     2.791738935     0.172093217
     2.030000000     4.728555774     2.687846597     0.177065876
     2.040000000     5.369269565     2.472636822     0.182219597
     2.050000000     5.893176215     2.083094802     0.187686486
     2.060000000     6.246811254     1.463968390     0.193671148
     2.070000000     6.390520174     0.636913701     0.200404900
     2.080000000     6.305779062    -0.261333692     0.208075107
     2.090000000     5.999009918    -1.046405728     0.216748065
     2.100000000     5.500820042    -1.601378661     0.226308171
     2.110000000     4.860775836    -1.913858603     0.236433342
     2.120000000     4.138986453    -2.034901927     0.246617609
     2.130000000     3.396530847    -2.030250697     0.256239467
     2.140000000     2.686881890    -1.954222712     0.264662576
     2.150000000     2.049977857    -1.842869652     0.271347344
     2.160000000     1.509697971    -1.716784176     0.275949641
     2.170000000     1.074551477    -1.586784432     0.278386730
     2.180000000     0.740686514    -1.458702432     0.278858599
     2.190000000     0.496021581    -1.335933638     0.277822716
     2.200000000     0.324387619    -1.220423509     0.275929040
     2.210000000     0.208909427    -1.113118631     0.273928208
     2.220000000     0.134276785    -1.014269253     0.272568586
     2.230000000     0.087914460    -0.923583106     0.272497753
     2.240000000     0.060281862    -0.840286354     0.274181599
     2.250000000     0.044612051    -0.763318785     0.277850462
     2.260000000     0.036375223    -0.691711386     0.283477011
     2.270000000     0.032676066    -0.624826227     0.290785755
     2.280000000     0.031710649    -0.562307244     0.299289883
     2.290000000     0.032340924    -0.503960425     0.308348634
     2.300000000     0.033800337    -0.449724816     0.317237872
     2.310000000     0.035518740    -0.399676683     0.325227611
     2.320000000     0.037042045    -0.353938129     0.331661606
     2.330000000     0.038016420    -0.312403576     0.336034531
     2.340000000     0.038205957    -0.274396232     0.338061014
     2.350000000     0.037516015    -0.238680967     0.337728686
     2.360000000     0.036001845    -0.204037766     0.335326033
     2.370000000     0.033852405    -0.169826563     0.331436867
     2.380000000     0.031350198    -0.136009131     0.326897266
     2.390000000     0.028816507    -0.102842586     0.322716869
     2.400000000     0.026555438    -0.070630873     0.319972512
     2.410000000     0.024809015    -0.039626755     0.319686590
     2.420000000     0.023730604    -0.009998343     0.322704453
     2.430000000     0.023377704     0.018229300     0.329585448
     2.440000000     0.023720414     0.045244373     0.340521708
     2.450000000     0.024660370     0.071389996     0.355297903
     2.460000000     0.026056539     0.096932223     0.373302644
     2.470000000     0.027757488     0.121873329     0.393596292
     2.480000000     0.029642107     0.145970257     0.415029787
     2.490000000     0.031670373     0.168891508     0.436396464
     2.500000000     0.033941723     0.190460937     0.456587963
     2.510000000     0.036751936     0.210939234     0.474721617
     2.520000000     0.040632176     0.231066963     0.490213334
     2.530000000     0.046349179     0.251651345     0.502786151
     2.540000000     0.054846164     0.273091195     0.512424785
     2.550000000     0.067112048     0.295323243     0.519302677
     2.560000000     0.083982321     0.318037860     0.523713593
     2.570000000     0.105896389     0.340794106     0.526032328
     2.580000000     0.132658495     0.362936267     0.526711875
     2.590000000     0.163265047     0.383389990     0.526304958
     2.600000000     0.195862365     0.400394201     0.525484334
     2.610000000     0.227879957     0.411264989     0.525034268
     2.620000000     0.256346041     0.412570395     0.525795753
     2.630000000     0.278342641     0.401499502     0.528566131
     2.640000000     0.291512157     0.378776426     0.533972839
     2.650000000     0.294502576     0.350815263     0.542353978
     2.660000000     0.287245482     0.327032603     0.553680745
     2.670000000     0.271000044     0.313832851     0.567547777
     2.680000000     0.248155184     0.312085594     0.583240053
     2.690000000     0.221841464     0.319310531     0.599864607
     2.700000000     0.195444548     0.332508388     0.616518044
     2.710000000     0.172122430     0.349455501     0.632451551
     2.720000000     0.154410254     0.368696042     0.647196048
     2.730000000     0.143961186     0.389098521     0.660620494
     2.740000000     0.141435212     0.409594306     0.672912794
     2.750000000     0.146522274     0.429147401     0.684490469
     2.760000000     0.158075974     0.446762645     0.695862878
     2.770000000     0.174334802     0.461358202     0.707475506
     2.780000000     0.193210381     0.471544226     0.719568687
     2.790000000     0.212618617     0.475810941     0.732078891
     2.800000000     0.230817431     0.473450088     0.744601754
     2.810000000     0.246698651     0.465479597     0.756424074
     2.820000000     0.259971282     0.454735262     0.766618822
     2.830000000     0.271178776     0.445200077     0.774184859
     2.840000000     0.281519505     0.440412645     0.778204288
     2.850000000     0.292484750     0.441580394     0.777987410
     2.860000000     0.305381332     0.447376495     0.773179590
     2.870000000     0.320849980     0.455338236     0.763814813
     2.880000000     0.338508971     0.462811606     0.750314045
     2.890000000     0.356834678     0.466561340     0.733437996
     2.900000000     0.373336332     0.462208586     0.714209737
     2.910000000     0.385004191     0.445118357     0.693821607
     2.920000000     0.388931080     0.413404751     0.673535335
     2.930000000     0.382952743     0.371596825     0.654578653
     2.940000000     0.366142103     0.330351644     0.638040072
     2.950000000     0.339031825     0.300007839     0.624767316
     2.960000000     0.303516370     0.284588007     0.615281909
     2.970000000     0.262473730     0.282153539     0.609727650
     2.980000000     0.219218776     0.288510841     0.607869550
     2.990000000     0.176932987     0.299848877     0.609150563
     3.000000000     0.138202515     0.313538838     0.612798554
     3.010000000     0.104748160     0.328004029     0.617961187
     3.020000000     0.077367422     0.342374836     0.623837914
     3.030000000     0.056052613     0.356208960     0.629779703
     3.040000000     0.040215504     0.369342728     0.635337950
     3.050000000     0.028942609     0.381813978     0.640259998
     3.060000000     0.021220654     0.393748476     0.644443787
     3.070000000     0.016098197     0.405228909     0.647873500
     3.080000000     0.012775755     0.416247884     0.650559484
     3.090000000     0.010635735     0.426741739     0.652500076
     3.100000000     0.009232352     0.436645475     0.653673423
     3.110000000     0.008261917     0.445947668     0.654057390
     3.120000000     0.007528811     0.454725385     0.653668008
     3.130000000     0.006915777     0.463114155     0.652602975
     3.140000000     0.006361421     0.471226797     0.651076465
     3.150000000     0.005844199     0.479110918     0.649434263
     3.160000000     0.005370723     0.486776356     0.648142781
     3.170000000     0.004966258     0.494238999     0.647750786
     3.180000000     0.004666055     0.501528563     0.648827669
     3.190000000     0.004507061     0.508664400     0.651886148
     3.200000000     0.004520192     0.515641066     0.657300021
     3.210000000     0.004723773     0.522436036     0.665229031
     3.220000000     0.005118859     0.529021961     0.675563095
     3.230000000     0.005687140     0.535372545     0.687897159
     3.240000000     0.006391899     0.541459387     0.701545403
     3.250000000     0.007182102     0.547243157     0.715599046
     3.260000000     0.007999204     0.552680134     0.729025171
     3.270000000     0.008785604     0.557761981     0.740795517
     3.280000000     0.009493215     0.562552012     0.750025552
     3.290000000     0.010090325     0.567151204     0.756098147
     3.300000000     0.010565113     0.571625195     0.758745362
     3.310000000     0.010924842     0.576002804     0.758068079
     3.320000000     0.011190822     0.580333430     0.754485901
     3.330000000     0.011390441     0.584689394     0.748626298
     3.340000000     0.011548607     0.589106652     0.741177847
     3.350000000     0.011681288     0.593545528     0.732742836
     3.360000000     0.011793409     0.597894177     0.723725720
     3.370000000     0.011881987     0.602005659     0.714284714
     3.380000000     0.011943570     0.605775669     0.704356076
     3.390000000     0.011983257     0.609243473     0.693739301
     3.400000000     0.012021647     0.612618062     0.682213214
     3.410000000     0.012096296     0.616143388     0.669644177
     3.420000000     0.012255846     0.619926949     0.656051898
     3.430000000     0.012547393     0.623912465     0.641614510
     3.440000000     0.013000182     0.627964383     0.626616790
     3.450000000     0.013610432     0.631946698     0.611365122
     3.460000000     0.014332396     0.635751255     0.596102425
     3.470000000     0.015079446     0.639280159     0.580952664
     3.480000000     0.015736340     0.642420395     0.565910319
     3.490000000     0.016180596     0.645064998     0.550872346
     3.500000000     0.016308136     0.647201863     0.535696404
     3.510000000     0.016056806     0.649030268     0.520264316
     3.520000000     0.015421699     0.650950576     0.504533539
     3.530000000     0.014458297     0.653333430     0.488567782
     3.540000000     0.013272739     0.656306417     0.472545457
     3.550000000     0.012002001     0.659777480     0.456748238
     3.560000000     0.010789477     0.663576255     0.441531927
     3.570000000     0.009762498     0.667547072     0.427280963
     3.580000000     0.009017683     0.671570741     0.414349374
     3.590000000     0.008617788     0.675555691     0.402995559
     3.600000000     0.008600732     0.679431706     0.393323978
     3.610000000     0.008998298     0.683157913     0.385249826
     3.620000000     0.009859319     0.686736852     0.378500008
     3.630000000     0.011270314     0.690220789     0.372654880
     3.640000000     0.013365838     0.693697467     0.367223070
     3.650000000     0.016321638     0.697242588     0.361731098
     3.660000000     0.020326389     0.700876798     0.355804800
     3.670000000     0.025532492     0.704580061     0.349222721
     3.680000000     0.031992800     0.708311153     0.341931219
     3.690000000     0.039596745     0.711953372     0.334023068
     3.700000000     0.048024140     0.715217917     0.325691195
     3.710000000     0.056735277     0.717568990     0.317173588
     3.720000000     0.065010250     0.718189378     0.308703707
     3.730000000     0.072038810     0.716073738     0.300474929
     3.740000000     0.077047381     0.710473305     0.292620879
     3.750000000     0.079436644     0.701753787     0.285208854
     3.760000000     0.078896582     0.691917967     0.278242156
     3.770000000     0.075469107     0.683673789     0.271668305
     3.780000000     0.069541328     0.678702984     0.265391886
     3.790000000     0.061771016     0.677072166     0.259291469
     3.800000000     0.052963913     0.677936818     0.253238932
     3.810000000     0.043934035     0.680336629     0.247117497
     3.820000000     0.035379753     0.683535325     0.240833379
     3.830000000     0.027800561     0.687046498     0.234316618
     3.840000000     0.021465643     0.690561309     0.227509811
     3.850000000     0.016430784     0.693884471     0.220348121
     3.860000000     0.012589322     0.696915279     0.212738248
     3.870000000     0.009738165     0.699666771     0.204546167
     3.880000000     0.007641165     0.702260948     0.195602053
     3.890000000     0.006077695     0.704845397     0.185726174
     3.900000000     0.004871210     0.707497476     0.174772701
     3.910000000     0.003898723     0.710211249     0.162681789
     3.920000000     0.003086138     0.712943322     0.149525920
     3.930000000     0.002395811     0.715651371     0.135536162
     3.940000000     0.001812142     0.718307332     0.121098039
     3.950000000     0.001329228     0.720896546     0.106714126
     3.960000000     0.000942536     0.723413339     0.092939196
     3.970000000     0.000644759     0.725857217     0.080301134
     3.980000000     0.000424974     0.728230405     0.069224710
     3.990000000     0.000269728     0.730536412     0.059974574
     4.000000000     0.000164845     0.732779228     0.052628754
     4.010000000     0.000097086     0.734962901     0.047086152
     4.020000000     0.000055230     0.737091313     0.043103391
     4.030000000     0.000030518     0.739168082     0.040350136
     4.040000000     0.000016591     0.741196528     0.038469282
     4.050000000     0.000009120     0.743179672     0.037129458
     4.060000000     0.000005329     0.745120258     0.036061384
     4.070000000     0.000003531     0.747020770     0.035074939
     4.080000000     0.000002752     0.748883468     0.034058684
     4.090000000     0.000002452     0.750710397     0.032966680
     4.100000000     0.000002347     0.752503402     0.031798441
     4.110000000     0.000002291     0.754264152     0.030577163
     4.120000000     0.000002217     0.755994185     0.029329993
     4.130000000     0.000002097     0.757694939     0.028072781
     4.140000000     0.000001927     0.759367751     0.026800914
     4.150000000     0.000001713     0.761013834     0.025487218
     4.160000000     0.000001472     0.762634276     0.024087135
     4.170000000     0.000001221     0.764230064     0.022550084
     4.180000000     0.000000977     0.765802108     0.020834374
     4.190000000     0.000000754     0.767351256     0.018921749
     4.200000000     0.000000560     0.768878303     0.016827348
     4.210000000     0.000000401     0.770383991     0.014601961
     4.220000000     0.000000276     0.771869018     0.012325685
     4.230000000     0.000000183     0.773334038     0.010094642
     4.240000000     0.000000117     0.774779664     0.008004426
     4.250000000     0.000000072     0.776206476     0.006134662
     4.260000000     0.000000042     0.777615016     0.004538249
     4.270000000     0.000000024     0.779005799     0.003237178
     4.280000000     0.000000013     0.780379309     0.002224696
     4.290000000     0.000000007     0.781736007     0.001472062
     4.300000000     0.000000003     0.783076328     0.000937393
     4.310000000     0.000000002     0.784400685     0.000574242
     4.320000000     0.000000001     0.785709472     0.000338314
     4.330000000     0.000000000     0.787003062     0.000191647
     4.340000000     0.000000000     0.788281814     0.000104368
     4.350000000     0.000000000     0.789546067     0.000054633
     4.360000000     0.000000000     0.790796147     0.000027487
     4.370000000     0.000000000     0.792032366     0.000013291
     4.380000000     0.000000000     0.793255023     0.000006176
     4.390000000     0.000000000     0.794464403     0.000002758
     4.400000000     0.000000000     0.795660782     0.000001183
     4.410000000     0.000000000     0.796844423     0.000000488
     4.420000000     0.000000000     0.798015582     0.000000193
     4.430000000     0.000000000     0.799174502     0.000000074
     4.440000000     0.000000000     0.800321418     0.000000027
     4.450000000     0.000000000     0.801456560     0.000000009
     4.460000000     0.000000000     0.802580145     0.000000003
     4.470000000     0.000000000     0.803692386     0.000000001
     4.480000000     0.000000000     0.804793487     0.000000000
     4.490000000     0.000000000     0.805883648     0.000000000
     4.500000000     0.000000000     0.806963059     0.000000000
     4.510000000     0.000000000     0.808031906     0.000000000
     4.520000000     0.000000000     0.809090370     0.000000000
     4.530000000     0.000000000     0.810138626     0.000000000
     4.540000000     0.000000000     0.811176842     0.000000000
     4.550000000     0.000000000     0.812205183     0.000000000
     4.560000000     0.000000000     0.813223810     0.000000000
     4.570000000     0.000000000     0.814232878     0.000000000
     4.580000000     0.000000000     0.815232537     0.000000000
     4.590000000     0.000000000     0.816222936     0.000000000
     4.600000000     0.000000000     0.817204216     0.000000000
     4.610000000     0.000000000     0.818176518     0.000000000
     4.620000000     0.000000000     0.819139977     0.000000000
     4.630000000     0.000000000     0.820094725     0.000000000
     4.640000000     0.000000000     0.821040892     0.000000000
     4.650000000     0.000000000     0.821978603     0.000000000
     4.660000000     0.000000000     0.822907982     0.000000000
     4.670000000     0.000000000     0.823829148     0.000000000
     4.680000000     0.000000000     0.824742218     0.000000000
     4.690000000     0.000000000     0.825647307     0.000000000
     4.700000000     0.000000000     0.826544526     0.000000000
     4.710000000     0.000000000     0.827433985     0.000000000
     4.720000000     0.000000000     0.828315790     0.000000000
     4.730000000     0.000000000     0.829190045     0.000000000
     4.740000000     0.000000000     0.830056854     0.000000000
     4.750000000     0.000000000     0.830916315     0.000000000
     4.760000000     0.000000000     0.831768527     0.000000000
     4.770000000     0.000000000     0.832613585     0.000000000
     4.780000000     0.000000000     0.833451584     0.000000000
     4.790000000     0.000000000     0.834282615     0.000000000
     4.800000000     0.000000000     0.835106768     0.000000000
     4.810000000     0.000000000     0.835924131     0.000000000
     4.820000000     0.000000000     0.836734791     0.000000000
     4.830000000     0.000000000     0.837538833     0.000000000
     4.840000000     0.000000000     0.838336339     0.000000000
     4.850000000     0.000000000     0.839127392     0.000000000
     4.860000000     0.000000000     0.839912071     0.000000000
     4.870000000     0.000000000     0.840690455     0.000000000
     4.880000000     0.000000000     0.841462620     0.000000000
     4.890000000     0.000000000     0.842228643     0.000000000
     4.900000000     0.000000000     0.842988597     0.000000000
     4.910000000     0.000000000     0.843742556     0.000000000
     4.920000000     0.000000000     0.844490591     0.000000000
     4.930000000     0.000000000     0.845232772     0.000000000
     4.940000000     0.000000000     0.845969169     0.000000000
     4.950000000     0.000000000     0.846699849     0.000000000
     4.960000000     0.000000000     0.847424878     0.000000000
     4.970000000     0.000000000     0.848144323     0.000000000
     4.980000000     0.000000000     0.848858248     0.000000000
     4.990000000     0.000000000     0.849566716     0.000000000
     5.000000000     0.000000000     0.850269789     0.000000000
