 # Column 1: omega
 # Column 2: eps2(omega)
 # Column 3: eps1(omega)
 # Column 4: JDOS(omega)
     0.000000000     0.000000000     1.917519213     0.000000000
     0.010000000     0.000000000     1.917535384     0.000000000
     0.020000000     0.000000000     1.917583902     0.000000000
     0.030000000     0.000000000     1.917664777     0.000000000
     0.040000000     0.000000000     1.917778030     0.000000000
     0.050000000     0.000000000     1.917923685     0.000000000
     0.060000000     0.000000000     1.918101777     0.000000000
     0.070000000     0.000000000     1.918312348     0.000000000
     0.080000000     0.000000000     1.918555446     0.000000000
     0.090000000     0.000000000     1.918831130     0.000000000
     0.100000000     0.000000000     1.919139462     0.000000000
     0.110000000     0.000000000     1.919480516     0.000000000
     0.120000000     0.000000000     1.919854372     0.000000000
     0.130000000     0.000000000     1.920261117     0.000000000
     0.140000000     0.000000000     1.920700847     0.000000000
     0.150000000     0.000000000     1.921173666     0.000000000
     0.160000000     0.000000000     1.921679685     0.000000000
     0.170000000     0.000000000     1.922219025     0.000000000
     0.180000000     0.000000000     1.922791813     0.000000000
     0.190000000     0.000000000     1.923398185     0.000000000
     0.200000000     0.000000000     1.924038286     0.000000000
     0.210000000     0.000000000     1.924712269     0.000000000
     0.220000000     0.000000000     1.925420295     0.000000000
     0.230000000     0.000000000     1.926162534     0.000000000
     0.240000000     0.000000000     1.926939164     0.000000000
     0.250000000     0.000000000     1.927750374     0.000000000
     0.260000000     0.000000000     1.928596359     0.000000000
     0.270000000     0.000000000     1.929477325     0.000000000
     0.280000000     0.000000000     1.930393487     0.000000000
     0.290000000     0.000000000     1.931345070     0.000000000
     0.300000000     0.000000000     1.932332306     0.000000000
     0.310000000     0.000000000     1.933355439     0.000000000
     0.320000000     0.000000000     1.934414722     0.000000000
     0.330000000     0.000000000     1.935510418     0.000000000
     0.340000000     0.000000000     1.936642801     0.000000000
     0.350000000     0.000000000     1.937812154     0.000000000
     0.360000000     0.000000000     1.939018771     0.000000000
     0.370000000     0.000000000     1.940262957     0.000000000
     0.380000000     0.000000000     1.941545028     0.000000000
     0.390000000     0.000000000     1.942865312     0.000000000
     0.400000000     0.000000000     1.944224146     0.000000000
     0.410000000     0.000000000     1.945621881     0.000000000
     0.420000000     0.000000000     1.947058879     0.000000000
     0.430000000     0.000000000     1.948535514     0.000000000
     0.440000000     0.000000000     1.950052173     0.000000000
     0.450000000     0.000000000     1.951609255     0.000000000
     0.460000000     0.000000000     1.953207172     0.000000000
     0.470000000     0.000000000     1.954846351     0.000000000
     0.480000000     0.000000000     1.956527230     0.000000000
     0.490000000     0.000000000     1.958250262     0.000000000
     0.500000000     0.000000000     1.960015916     0.000000000
     0.510000000     0.000000000     1.961824674     0.000000000
     0.520000000     0.000000000     1.963677032     0.000000000
     0.530000000     0.000000000     1.965573503     0.000000000
     0.540000000     0.000000000     1.967514617     0.000000000
     0.550000000     0.000000000     1.969500917     0.000000000
     0.560000000     0.000000000     1.971532966     0.000000000
     0.570000000     0.000000000     1.973611341     0.000000000
     0.580000000     0.000000000     1.975736639     0.000000000
     0.590000000     0.000000000     1.977909474     0.000000000
     0.600000000     0.000000000     1.980130479     0.000000000
     0.610000000     0.000000000     1.982400306     0.000000000
     0.620000000     0.000000000     1.984719626     0.000000000
     0.630000000     0.000000000     1.987089133     0.000000000
     0.640000000     0.000000000     1.989509537     0.000000000
     0.650000000     0.000000000     1.991981575     0.000000000
     0.660000000     0.000000000     1.994506002     0.000000000
     0.670000000     0.000000000     1.997083598     0.000000000
     0.680000000     0.000000000     1.999715166     0.000000000
     0.690000000     0.000000000     2.002401532     0.000000000
     0.700000000     0.000000000     2.005143549     0.000000000
     0.710000000     0.000000000     2.007942096     0.000000000
     0.720000000     0.000000000     2.010798076     0.000000000
     0.730000000     0.000000000     2.013712422     0.000000000
     0.740000000     0.000000000     2.016686095     0.000000000
     0.750000000     0.000000000     2.019720086     0.000000000
     0.760000000     0.000000000     2.022815414     0.000000000
     0.770000000     0.000000000     2.025973132     0.000000000
     0.780000000     0.000000000     2.029194325     0.000000000
     0.790000000     0.000000000     2.032480110     0.000000000
     0.800000000     0.000000000     2.035831641     0.000000000
     0.810000000     0.000000000     2.039250108     0.000000000
     0.820000000     0.000000000     2.042736736     0.000000000
     0.830000000     0.000000000     2.046292791     0.000000000
     0.840000000     0.000000000     2.049919579     0.000000000
     0.850000000     0.000000000     2.053618446     0.000000000
     0.860000000     0.000000000     2.057390783     0.000000000
     0.870000000     0.000000000     2.061238025     0.000000000
     0.880000000     0.000000000     2.065161653     0.000000000
     0.890000000     0.000000000     2.069163196     0.000000000
     0.900000000     0.000000000     2.073244236     0.000000000
     0.910000000     0.000000000     2.077406403     0.000000000
     0.920000000     0.000000000     2.081651384     0.000000000
     0.930000000     0.000000000     2.085980920     0.000000000
     0.940000000     0.000000000     2.090396814     0.000000000
     0.950000000     0.000000000     2.094900926     0.000000000
     0.960000000     0.000000000     2.099495181     0.000000000
     0.970000000     0.000000000     2.104181572     0.000000000
     0.980000000     0.000000000     2.108962157     0.000000000
     0.990000000     0.000000000     2.113839068     0.000000000
     1.000000000     0.000000000     2.118814512     0.000000000
     1.010000000     0.000000000     2.123890773     0.000000000
     1.020000000     0.000000000     2.129070217     0.000000000
     1.030000000     0.000000000     2.134355293     0.000000000
     1.040000000     0.000000000     2.139748541     0.000000000
     1.050000000     0.000000000     2.145252592     0.000000000
     1.060000000     0.000000000     2.150870175     0.000000000
     1.070000000     0.000000000     2.156604120     0.000000000
     1.080000000     0.000000000     2.162457361     0.000000000
     1.090000000     0.000000000     2.168432946     0.000000000
     1.100000000     0.000000000     2.174534035     0.000000000
     1.110000000     0.000000000     2.180763913     0.000000000
     1.120000000     0.000000000     2.187125991     0.000000000
     1.130000000     0.000000000     2.193623813     0.000000000
     1.140000000     0.000000000     2.200261063     0.000000000
     1.150000000     0.000000000     2.207041574     0.000000000
     1.160000000     0.000000000     2.213969330     0.000000000
     1.170000000     0.000000000     2.221048480     0.000000000
     1.180000000     0.000000000     2.228283343     0.000000000
     1.190000000     0.000000000     2.235678415     0.000000000
     1.200000000     0.000000000     2.243238384     0.000000000
     1.210000000     0.000000000     2.250968135     0.000000000
     1.220000000     0.000000000     2.258872762     0.000000000
     1.230000000     0.000000000     2.266957580     0.000000000
     1.240000000     0.000000000     2.275228137     0.000000000
     1.250000000     0.000000000     2.283690226     0.000000000
     1.260000000     0.000000000     2.292349901     0.000000000
     1.270000000     0.000000000     2.301213489     0.000000000
     1.280000000     0.000000000     2.310287606     0.000000000
     1.290000000     0.000000000     2.319579177     0.000000000
     1.300000000     0.000000000     2.329095450     0.000000000
     1.310000000     0.000000000     2.338844018     0.000000000
     1.320000000     0.000000000     2.348832840     0.000000000
     1.330000000     0.000000000     2.359070260     0.000000000
     1.340000000     0.000000000     2.369565035     0.000000000
     1.350000000     0.000000000     2.380326359     0.000000000
     1.360000000     0.000000000     2.391363890     0.000000000
     1.370000000     0.000000000     2.402687783     0.000000000
     1.380000000     0.000000000     2.414308718     0.000000000
     1.390000000     0.000000000     2.426237938     0.000000000
     1.400000000     0.000000000     2.438487286     0.000000000
     1.410000000     0.000000000     2.451069245     0.000000000
     1.420000000     0.000000000     2.463996984     0.000000000
     1.430000000     0.000000000     2.477284405     0.000000000
     1.440000000     0.000000000     2.490946193     0.000000000
     1.450000000     0.000000000     2.504997876     0.000000000
     1.460000000     0.000000000     2.519455886     0.000000000
     1.470000000     0.000000000     2.534337625     0.000000000
     1.480000000     0.000000000     2.549661536     0.000000000
     1.490000000     0.000000000     2.565447188     0.000000000
     1.500000000     0.000000000     2.581715360     0.000000000
     1.510000000     0.000000000     2.598488138     0.000000000
     1.520000000     0.000000000     2.615789020     0.000000000
     1.530000000     0.000000000     2.633643030     0.000000000
     1.540000000     0.000000000     2.652076846     0.000000000
     1.550000000     0.000000000     2.671118939     0.000000000
     1.560000000     0.000000000     2.690799730     0.000000000
     1.570000000     0.000000000     2.711151754     0.000000000
     1.580000000     0.000000000     2.732209854     0.000000000
     1.590000000     0.000000000     2.754011390     0.000000000
     1.600000000     0.000000000     2.776596465     0.000000000
     1.610000000     0.000000000     2.800008188     0.000000000
     1.620000000     0.000000000     2.824292962     0.000000000
     1.630000000     0.000000000     2.849500800     0.000000000
     1.640000000     0.000000000     2.875685688     0.000000000
     1.650000000     0.000000000     2.902905986     0.000000000
     1.660000000     0.000000000     2.931224877     0.000000000
     1.670000000     0.000000000     2.960710878     0.000000000
     1.680000000     0.000000000     2.991438411     0.000000000
     1.690000000     0.000000000     3.023488452     0.000000000
     1.700000000     0.000000000     3.056949259     0.000000000
     1.710000000     0.000000000     3.091917206     0.000000000
     1.720000000     0.000000000     3.128497727     0.000000000
     1.730000000     0.000000000     3.166806392     0.000000000
     1.740000000     0.000000001     3.206970135     0.000000000
     1.750000000     0.000000004     3.249128661     0.000000000
     1.760000000     0.000000013     3.293436055     0.000000000
     1.770000000     0.000000046     3.340062633     0.000000000
     1.780000000     0.000000154     3.389197070     0.000000001
     1.790000000     0.000000494     3.441048848     0.000000003
     1.800000000     0.000001517     3.495851079     0.000000011
     1.810000000     0.000004479     3.553863757     0.000000032
     1.820000000     0.000012707     3.615377502     0.000000091
     1.830000000     0.000034637     3.680717866     0.000000248
     1.840000000     0.000090720     3.750250259     0.000000653
     1.850000000     0.000228316     3.824385546     0.000001652
     1.860000000     0.000552144     3.903586353     0.000004017
     1.870000000     0.001283111     3.988374018     0.000009389
     1.880000000     0.002865421     4.079336051     0.000021098
     1.890000000     0.006149597     4.177133719     0.000045588
     1.900000000     0.012684281     4.282508981     0.000094728
     1.910000000     0.025146623     4.396289298     0.000189311
     1.920000000     0.047921486     4.519387614     0.000363922
     1.930000000     0.087795110     4.652792541     0.000673046
     1.940000000     0.154655527     4.797539901     0.001197758
     1.950000000     0.261997546     4.954649684     0.002051516
     1.960000000     0.426939913     5.124999912     0.003382766
     1.970000000     0.669420154     5.309086302     0.005371389
     1.980000000     1.010290844     5.506576708     0.008216065
     1.990000000     1.468237785     5.715500408     0.012110733
     2.000000000     2.055770622     5.930801403     0.017210644
     2.010000000     2.774928955     6.141835049     0.023591848
     2.020000000     3.613669392     6.328290737     0.031211411
     2.030000000     4.543996476     6.454386888     0.039878061
     2.040000000     5.522666045     6.463215710     0.049243098
     2.050000000     6.494732692     6.278975280     0.058818495
     2.060000000     7.399486304     5.833519477     0.068023630
     2.070000000     8.177678396     5.126561585     0.076255180
     2.080000000     8.778621999     4.273943745     0.082968494
     2.090000000     9.165876360     3.452433373     0.087755129
     2.100000000     9.320723371     2.762732532     0.090401267
     2.110000000     9.243271304     2.168885138     0.090915476
     2.120000000     8.951512219     1.570762749     0.089520614
     2.130000000     8.478849943     0.922924958     0.086611953
     2.140000000     7.870530616     0.295393790     0.082690196
     2.150000000     7.179225398    -0.183942962     0.078282765
     2.160000000     6.459940888    -0.440292363     0.073868703
     2.170000000     5.764565663    -0.490378891     0.069821565
     2.180000000     5.136631534    -0.402997753     0.066380641
     2.190000000     4.607087359    -0.254815388     0.063654583
     2.200000000     4.191867354    -0.111224711     0.061653877
     2.210000000     3.891721521    -0.019074849     0.060341637
     2.220000000     3.694259735     0.003867205     0.059687489
     2.230000000     3.577644281    -0.023444277     0.059708650
     2.240000000     3.515044511    -0.063382201     0.060485885
     2.250000000     3.478937409    -0.097762421     0.062149274
     2.260000000     3.444563832    -0.143295179     0.064837598
     2.270000000     3.392205003    -0.227773689     0.068643212
     2.280000000     3.308283866    -0.353266959     0.073559296
     2.290000000     3.185524863    -0.484670167     0.079446790
     2.300000000     3.022496886    -0.580712255     0.086033999
     2.310000000     2.822843530    -0.630914927     0.092953646
     2.320000000     2.594417717    -0.654946192     0.099812122
     2.330000000     2.348424220    -0.673501841     0.106276282
     2.340000000     2.098562642    -0.684797080     0.112156975
     2.350000000     1.860078945    -0.668399146     0.117467216
     2.360000000     1.648599726    -0.608153729     0.122437416
     2.370000000     1.478659361    -0.505052758     0.127479367
     2.380000000     1.361938886    -0.371724062     0.133102845
     2.390000000     1.305393645    -0.223083302     0.139800677
     2.400000000     1.309605003    -0.072383737     0.147926968
     2.410000000     1.367786828     0.068048761     0.157596355
     2.420000000     1.465854880     0.184159728     0.168628650
     2.430000000     1.583801639     0.257650055     0.180553513
     2.440000000     1.698332513     0.266406288     0.192676237
     2.450000000     1.786382720     0.192726686     0.204191937
     2.460000000     1.828851334     0.041386452     0.214325044
     2.470000000     1.813762759    -0.146633083     0.222467013
     2.480000000     1.738156895    -0.310090697     0.228288058
     2.490000000     1.608305526    -0.405513441     0.231806796
     2.500000000     1.438266213    -0.425515321     0.233411517
     2.510000000     1.247182436    -0.386404637     0.233834574
     2.520000000     1.055993117    -0.309526675     0.234085155
     2.530000000     0.884256603    -0.211865379     0.235345805
     2.540000000     0.747637878    -0.104548050     0.238837363
     2.550000000     0.656338108     0.005654265     0.245658775
     2.560000000     0.614475983     0.114421931     0.256614652
     2.570000000     0.620251666     0.218256487     0.272053276
     2.580000000     0.666670163     0.313075949     0.291746815
     2.590000000     0.742643910     0.392923320     0.314848014
     2.600000000     0.834369365     0.449085399     0.339949034
     2.610000000     0.926915286     0.470904734     0.365247989
     2.620000000     1.005940163     0.450444773     0.388801593
     2.630000000     1.059386358     0.390603701     0.408816913
     2.640000000     1.078925841     0.308614153     0.423921095
     2.650000000     1.060909832     0.227564100     0.433351308
     2.660000000     1.006633049     0.165570625     0.437028287
     2.670000000     0.921855778     0.133361030     0.435508923
     2.680000000     0.815691592     0.134457185     0.429845025
     2.690000000     0.699107858     0.165019641     0.421395425
     2.700000000     0.583351959     0.216871851     0.411640195
     2.710000000     0.478589799     0.281747200     0.402030043
     2.720000000     0.392941199     0.353475266     0.393879183
     2.730000000     0.331961879     0.428122481     0.388288232
     2.740000000     0.298504013     0.503323237     0.386075234
     2.750000000     0.292824409     0.577526285     0.387701456
     2.760000000     0.312813139     0.649332060     0.393199266
     2.770000000     0.354270742     0.716869807     0.402130761
     2.780000000     0.411234689     0.777148636     0.413615195
     2.790000000     0.476408233     0.825494098     0.426452805
     2.800000000     0.541751081     0.855673498     0.439343534
     2.810000000     0.599247531     0.861984270     0.451161842
     2.820000000     0.641792404     0.843896936     0.461218761
     2.830000000     0.664061299     0.809650022     0.469433827
     2.840000000     0.663192893     0.772763701     0.476358729
     2.850000000     0.639127164     0.744546726     0.483036872
     2.860000000     0.594512751     0.731928864     0.490734177
     2.870000000     0.534196620     0.738874956     0.500617744
     2.880000000     0.464406267     0.765766731     0.513475095
     2.890000000     0.391797601     0.809233088     0.529551429
     2.900000000     0.322553729     0.864328435     0.548541350
     2.910000000     0.261683575     0.926701590     0.569720224
     2.920000000     0.212603337     0.993360571     0.592157463
     2.930000000     0.177013637     1.062497846     0.614934522
     2.940000000     0.155032601     1.133043496     0.637299607
     2.950000000     0.145519944     1.204233792     0.658723117
     2.960000000     0.146526597     1.275247565     0.678858535
     2.970000000     0.155816512     1.344932392     0.697446790
     2.980000000     0.171418581     1.411777451     0.714216491
     2.990000000     0.192168761     1.474526130     0.728825243
     3.000000000     0.218195340     1.533703302     0.740864523
     3.010000000     0.251289896     1.592998447     0.749923545
     3.020000000     0.295100718     1.658099637     0.755686892
     3.030000000     0.355088788     1.733150166     0.758032502
     3.040000000     0.438199051     1.818624376     0.757100754
     3.050000000     0.552219575     1.911986941     0.753317043
     3.060000000     0.704828778     2.008945553     0.747363352
     3.070000000     0.902371298     2.103941135     0.740104515
     3.080000000     1.148462540     2.190505996     0.732481020
     3.090000000     1.442599796     2.262558072     0.725383720
     3.100000000     1.779037278     2.315763300     0.719528615
     3.110000000     2.146229510     2.344980130     0.715352726
     3.120000000     2.527121493     2.336891234     0.712953253
     3.130000000     2.900438792     2.266924811     0.712088900
     3.140000000     3.242915735     2.110336911     0.712252005
     3.150000000     3.532148920     1.863263493     0.712803334
     3.160000000     3.749559787     1.552168854     0.713142182
     3.170000000     3.882874291     1.217941131     0.712869693
     3.180000000     3.927618412     0.898096512     0.711899765
     3.190000000     3.887361248     0.622735071     0.710483144
     3.200000000     3.772733456     0.404717676     0.709134146
     3.210000000     3.599508630     0.231425129     0.708478474
     3.220000000     3.386183872     0.081326205     0.709064782
     3.230000000     3.151512185    -0.051070520     0.711193284
     3.240000000     2.912355911    -0.151969509     0.714808241
     3.250000000     2.682106305    -0.206871601     0.719480456
     3.260000000     2.469798885    -0.218166364     0.724479019
     3.270000000     2.279964566    -0.206320355     0.728908247
     3.280000000     2.113179453    -0.197559335     0.731873607
     3.290000000     1.967190091    -0.208640522     0.732641561
     3.300000000     1.838391584    -0.238570223     0.730769175
     3.310000000     1.723346608    -0.274566025     0.726192881
     3.320000000     1.619995492    -0.304508690     0.719274758
     3.330000000     1.528256782    -0.320023106     0.710805778
     3.340000000     1.449861117    -0.314243439     0.701960689
     3.350000000     1.387468287    -0.284844825     0.694194683
     3.360000000     1.343328636    -0.237121735     0.689074999
     3.370000000     1.317898397    -0.181783176     0.688054460
     3.380000000     1.308853082    -0.130588506     0.692216113
     3.390000000     1.310845898    -0.093584654     0.702039835
     3.400000000     1.316151820    -0.080038817     0.717251812
     3.410000000     1.316079538    -0.099815719     0.736807962
     3.420000000     1.302799668    -0.157386468     0.759031960
     3.430000000     1.271101895    -0.240140022     0.781886219
     3.440000000     1.219602207    -0.317976030     0.803314962
     3.450000000     1.151075091    -0.362296341     0.821577550
     3.460000000     1.071836435    -0.363430547     0.835495889
     3.470000000     0.990368690    -0.329049821     0.844569534
     3.480000000     0.915573421    -0.273449925     0.848953659
     3.490000000     0.855098650    -0.210557200     0.849331759
     3.500000000     0.814110429    -0.151929399     0.846733887
     3.510000000     0.794702238    -0.106006395     0.842348544
     3.520000000     0.795935482    -0.076058110     0.837358271
     3.530000000     0.814351574    -0.058373671     0.832807804
     3.540000000     0.844733146    -0.045376493     0.829500275
     3.550000000     0.880917973    -0.033203493     0.827916232
     3.560000000     0.916548238    -0.025982204     0.828158626
     3.570000000     0.945720107    -0.032492673     0.829935974
     3.580000000     0.963545370    -0.057941302     0.832597413
     3.590000000     0.966635556    -0.097564771     0.835224241
     3.600000000     0.953483636    -0.139733339     0.836766412
     3.610000000     0.924678791    -0.175729441     0.836197235
     3.620000000     0.882874165    -0.203070850     0.832653182
     3.630000000     0.832450685    -0.220453164     0.825531699
     3.640000000     0.778878477    -0.224407279     0.814535510
     3.650000000     0.727852934    -0.212088812     0.799669866
     3.660000000     0.684350653    -0.185060993     0.781211281
     3.670000000     0.651788491    -0.149037103     0.759667728
     3.680000000     0.631463036    -0.111186265     0.735741822
     3.690000000     0.622395770    -0.078483141     0.710295799
     3.700000000     0.621622245    -0.057612114     0.684307508
     3.710000000     0.624863532    -0.054141704     0.658805487
     3.720000000     0.627431680    -0.068942981     0.634778875
     3.730000000     0.625171859    -0.094769560     0.613070447
     3.740000000     0.615244857    -0.119683065     0.594271904
     3.750000000     0.596601716    -0.135954046     0.578644490
     3.760000000     0.570080557    -0.143536862     0.566083429
     3.770000000     0.538139513    -0.145105826     0.556133969
     3.780000000     0.504307551    -0.140750967     0.548054677
     3.790000000     0.472474313    -0.128538661     0.540914693
     3.800000000     0.446150735    -0.108241508     0.533708052
     3.810000000     0.427821528    -0.082545951     0.525469531
     3.820000000     0.418487873    -0.055489092     0.515380464
     3.830000000     0.417469304    -0.031009004     0.502856876
     3.840000000     0.422498289    -0.012566291     0.487614548
     3.850000000     0.430098012    -0.003013398     0.469706124
     3.860000000     0.436184902    -0.004484724     0.449525137
     3.870000000     0.436790305    -0.018290804     0.427772637
     3.880000000     0.428763299    -0.043163399     0.405385176
     3.890000000     0.410312780    -0.072486950     0.383428698
     3.900000000     0.381278324    -0.095940549     0.362970385
     3.910000000     0.343081719    -0.106033159     0.344947447
     3.920000000     0.298387918    -0.101762223     0.330055357
     3.930000000     0.250572677    -0.086470808     0.318675886
     3.940000000     0.203133373    -0.064356159     0.310856916
     3.950000000     0.159178654    -0.038699623     0.306343524
     3.960000000     0.121094824    -0.011593585     0.304647046
     3.970000000     0.090426943     0.015777747     0.305130596
     3.980000000     0.067950926     0.042806285     0.307088642
     3.990000000     0.053866981     0.069215304     0.309805108
     4.000000000     0.048024934     0.094901657     0.312585897
     4.010000000     0.050099298     0.119834236     0.314772861
     4.020000000     0.059660499     0.143979060     0.315752495
     4.030000000     0.076128941     0.167226035     0.314971990
     4.040000000     0.098640106     0.189293389     0.311968675
     4.050000000     0.125881836     0.209584007     0.306409978
     4.060000000     0.155981001     0.226973201     0.298133815
     4.070000000     0.186510226     0.239553189     0.287176546
     4.080000000     0.214655519     0.244523430     0.273777757
     4.090000000     0.237538485     0.238768123     0.258356634
     4.100000000     0.252635367     0.220864248     0.241461484
     4.110000000     0.258196336     0.193984747     0.223700204
     4.120000000     0.253557124     0.166222085     0.205664107
     4.130000000     0.239257561     0.145927949     0.187859870
     4.140000000     0.216932153     0.136746697     0.170663797
     4.150000000     0.188999782     0.137521632     0.154308345
     4.160000000     0.158232007     0.145149262     0.138903162
     4.170000000     0.127305226     0.156724727     0.124483266
     4.180000000     0.098434815     0.170220824     0.111068474
     4.190000000     0.073155143     0.184414820     0.098714296
     4.200000000     0.052262814     0.198633871     0.087537347
     4.210000000     0.035898058     0.212532036     0.077707320
     4.220000000     0.023712912     0.225943344     0.069409574
     4.230000000     0.015068716     0.238799323     0.062792557
     4.240000000     0.009215836     0.251084978     0.057918852
     4.250000000     0.005427671     0.262814142     0.054735924
     4.260000000     0.003080702     0.274015071     0.053074392
     4.270000000     0.001686909     0.284722092     0.052671449
     4.280000000     0.000892355     0.294970965     0.053209088
     4.290000000     0.000456870     0.304796435     0.054353788
     4.300000000     0.000226970     0.314231065     0.055786654
     4.310000000     0.000109814     0.323304761     0.057219023
     4.320000000     0.000052031     0.332044694     0.058395293
     4.330000000     0.000024357     0.340475411     0.059089530
     4.340000000     0.000011427     0.348619028     0.059103697
     4.350000000     0.000005494     0.356495435     0.058273152
     4.360000000     0.000002789     0.364122527     0.056480634
     4.370000000     0.000001537     0.371516418     0.053675196
     4.380000000     0.000000930     0.378691654     0.049889364
     4.390000000     0.000000608     0.385661400     0.045247142
     4.400000000     0.000000417     0.392437604     0.039957640
     4.410000000     0.000000289     0.399031138     0.034293201
     4.420000000     0.000000200     0.405451919     0.028555436
     4.430000000     0.000000135     0.411709021     0.023036175
     4.440000000     0.000000088     0.417810763     0.017981605
     4.450000000     0.000000056     0.423764792     0.013566793
     4.460000000     0.000000034     0.429578159     0.009884608
     4.470000000     0.000000020     0.435257376     0.006949245
     4.480000000     0.000000011     0.440808472     0.004711132
     4.490000000     0.000000006     0.446237044     0.003078077
     4.500000000     0.000000003     0.451548296     0.001937292
     4.510000000     0.000000002     0.456747079     0.001174080
     4.520000000     0.000000001     0.461837920     0.000684921
     4.530000000     0.000000000     0.466825056     0.000384502
     4.540000000     0.000000000     0.471712458     0.000207667
     4.550000000     0.000000000     0.476503852     0.000107884
     4.560000000     0.000000000     0.481202742     0.000053900
     4.570000000     0.000000000     0.485812429     0.000025895
     4.580000000     0.000000000     0.490336025     0.000011961
     4.590000000     0.000000000     0.494776470     0.000005311
     4.600000000     0.000000000     0.499136544     0.000002267
     4.610000000     0.000000000     0.503418880     0.000000930
     4.620000000     0.000000000     0.507625975     0.000000367
     4.630000000     0.000000000     0.511760198     0.000000139
     4.640000000     0.000000000     0.515823803     0.000000051
     4.650000000     0.000000000     0.519818931     0.000000018
     4.660000000     0.000000000     0.523747623     0.000000006
     4.670000000     0.000000000     0.527611826     0.000000002
     4.680000000     0.000000000     0.531413396     0.000000001
     4.690000000     0.000000000     0.535154105     0.000000000
     4.700000000     0.000000000     0.538835651     0.000000000
     4.710000000     0.000000000     0.542459653     0.000000000
     4.720000000     0.000000000     0.546027666     0.000000000
     4.730000000     0.000000000     0.549541178     0.000000000
     4.740000000     0.000000000     0.553001617     0.000000000
     4.750000000     0.000000000     0.556410352     0.000000000
     4.760000000     0.000000000     0.559768700     0.000000000
     4.770000000     0.000000000     0.563077924     0.000000000
     4.780000000     0.000000000     0.566339241     0.000000000
     4.790000000     0.000000000     0.569553820     0.000000000
     4.800000000     0.000000000     0.572722789     0.000000000
     4.810000000     0.000000000     0.575847233     0.000000000
     4.820000000     0.000000000     0.578928198     0.000000000
     4.830000000     0.000000000     0.581966693     0.000000000
     4.840000000     0.000000000     0.584963692     0.000000000
     4.850000000     0.000000000     0.587920135     0.000000000
     4.860000000     0.000000000     0.590836930     0.000000000
     4.870000000     0.000000000     0.593714955     0.000000000
     4.880000000     0.000000000     0.596555058     0.000000000
     4.890000000     0.000000000     0.599358060     0.000000000
     4.900000000     0.000000000     0.602124756     0.000000000
     4.910000000     0.000000000     0.604855913     0.000000000
     4.920000000     0.000000000     0.607552278     0.000000000
     4.930000000     0.000000000     0.610214571     0.000000000
     4.940000000     0.000000000     0.612843491     0.000000000
     4.950000000     0.000000000     0.615439718     0.000000000
     4.960000000     0.000000000     0.618003908     0.000000000
     4.970000000     0.000000000     0.620536700     0.000000000
     4.980000000     0.000000000     0.623038714     0.000000000
     4.990000000     0.000000000     0.625510550     0.000000000
     5.000000000     0.000000000     0.627952794     0.000000000
