# spin    band          kx          ky          kz          E(MF)          E(QP)        Delta E
#                        (Cartesian coordinates)             (eV)           (eV)           (eV)
     1     717     0.00000     0.00000     0.00000   -4.145529168   -4.644430575   -0.498901407
     1     717     0.00000     0.00000     0.01027   -4.201965345   -4.704063887   -0.502098542
     1     717     0.00000     0.00000     0.02055   -4.248312573   -4.791116150   -0.542803578
     1     717     0.00000     0.00000     0.03082   -4.345747705   -4.920470701   -0.574722996
     1     717     0.00000     0.00000     0.04110   -4.372946207   -4.920709686   -0.547763479
     1     717     0.00000     0.00000    -0.03082   -4.345747705   -4.920470701   -0.574722996
     1     717     0.00000     0.00000    -0.02055   -4.248312573   -4.791116150   -0.542803578
     1     717     0.00000     0.00000    -0.01027   -4.201965345   -4.704063887   -0.502098542
     1     718     0.00000     0.00000     0.00000   -4.145445850   -4.644324513   -0.498878663
     1     718     0.00000     0.00000     0.01027   -4.157241094   -4.668121472   -0.510880378
     1     718     0.00000     0.00000     0.02055   -4.244987552   -4.789398829   -0.544411277
     1     718     0.00000     0.00000     0.03082   -4.316080821   -4.860660261   -0.544579440
     1     718     0.00000     0.00000     0.04110   -4.372814641   -4.920559074   -0.547744433
     1     718     0.00000     0.00000    -0.03082   -4.316080821   -4.860660261   -0.544579440
     1     718     0.00000     0.00000    -0.02055   -4.244987552   -4.789398829   -0.544411277
     1     718     0.00000     0.00000    -0.01027   -4.157241094   -4.668121472   -0.510880378
     1     719     0.00000     0.00000     0.00000   -4.073812265   -4.579932497   -0.506120232
     1     719     0.00000     0.00000     0.01027   -4.122920343   -4.629263413   -0.506343069
     1     719     0.00000     0.00000     0.02055   -4.145330368   -4.669809647   -0.524479279
     1     719     0.00000     0.00000     0.03082   -4.075259003   -4.575212112   -0.499953109
     1     719     0.00000     0.00000     0.04110   -4.003981688   -4.500287471   -0.496305783
     1     719     0.00000     0.00000    -0.03082   -4.075259003   -4.575212112   -0.499953109
     1     719     0.00000     0.00000    -0.02055   -4.145330368   -4.669809647   -0.524479279
     1     719     0.00000     0.00000    -0.01027   -4.122920343   -4.629263413   -0.506343069
     1     720     0.00000     0.00000     0.00000   -4.073646050   -4.579752278   -0.506106228
     1     720     0.00000     0.00000     0.01027   -4.090043630   -4.586065416   -0.496021786
     1     720     0.00000     0.00000     0.02055   -4.036330589   -4.513145530   -0.476814941
     1     720     0.00000     0.00000     0.03082   -3.985105121   -4.442715662   -0.457610541
     1     720     0.00000     0.00000     0.04110   -4.003757689   -4.500032984   -0.496275295
     1     720     0.00000     0.00000    -0.03082   -3.985105121   -4.442715662   -0.457610541
     1     720     0.00000     0.00000    -0.02055   -4.036330589   -4.513145530   -0.476814941
     1     720     0.00000     0.00000    -0.01027   -4.090043630   -4.586065416   -0.496021786
     1     721     0.00000     0.00000     0.00000   -4.004008481   -4.504707134   -0.500698653
     1     721     0.00000     0.00000     0.01027   -3.998963266   -4.501475789   -0.502512523
     1     721     0.00000     0.00000     0.02055   -3.934307478   -4.412710558   -0.478403080
     1     721     0.00000     0.00000     0.03082   -3.931348483   -4.423280809   -0.491932326
     1     721     0.00000     0.00000     0.04110   -3.937412598   -4.392173731   -0.454761133
     1     721     0.00000     0.00000    -0.03082   -3.931348483   -4.423280809   -0.491932326
     1     721     0.00000     0.00000    -0.02055   -3.934307478   -4.412710558   -0.478403080
     1     721     0.00000     0.00000    -0.01027   -3.998963266   -4.501475789   -0.502512523
     1     722     0.00000     0.00000     0.00000   -4.003686981   -4.504302914   -0.500615933
     1     722     0.00000     0.00000     0.01027   -3.888505587   -4.383099753   -0.494594165
     1     722     0.00000     0.00000     0.02055   -3.858011597   -4.320761110   -0.462749513
     1     722     0.00000     0.00000     0.03082   -3.894205146   -4.347487056   -0.453281909
     1     722     0.00000     0.00000     0.04110   -3.937280795   -4.391995729   -0.454714934
     1     722     0.00000     0.00000    -0.03082   -3.894205146   -4.347487056   -0.453281909
     1     722     0.00000     0.00000    -0.02055   -3.858011597   -4.320761110   -0.462749513
     1     722     0.00000     0.00000    -0.01027   -3.888505587   -4.383099753   -0.494594165
     1     723     0.00000     0.00000     0.00000   -3.806486189   -4.238800092   -0.432313903
     1     723     0.00000     0.00000     0.01027   -3.827190139   -4.260947366   -0.433757227
     1     723     0.00000     0.00000     0.02055   -3.856998126   -4.300547943   -0.443549816
     1     723     0.00000     0.00000     0.03082   -3.880981507   -4.335274014   -0.454292507
     1     723     0.00000     0.00000     0.04110   -3.840157527   -4.290873497   -0.450715970
     1     723     0.00000     0.00000    -0.03082   -3.880981507   -4.335274014   -0.454292507
     1     723     0.00000     0.00000    -0.02055   -3.856998126   -4.300547943   -0.443549816
     1     723     0.00000     0.00000    -0.01027   -3.827190139   -4.260947366   -0.433757227
     1     724     0.00000     0.00000     0.00000   -3.806322687   -4.238607315   -0.432284628
     1     724     0.00000     0.00000     0.01027   -3.796149401   -4.229644097   -0.433494696
     1     724     0.00000     0.00000     0.02055   -3.797811746   -4.239308995   -0.441497249
     1     724     0.00000     0.00000     0.03082   -3.812312502   -4.261810695   -0.449498194
     1     724     0.00000     0.00000     0.04110   -3.840033841   -4.290704370   -0.450670529
     1     724     0.00000     0.00000    -0.03082   -3.812312502   -4.261810695   -0.449498194
     1     724     0.00000     0.00000    -0.02055   -3.797811746   -4.239308995   -0.441497249
     1     724     0.00000     0.00000    -0.01027   -3.796149401   -4.229644097   -0.433494696
     1     725     0.00000     0.00000     0.00000   -3.710632458   -4.139922707   -0.429290249
     1     725     0.00000     0.00000     0.01027   -3.784209596   -4.217834205   -0.433624609
     1     725     0.00000     0.00000     0.02055   -3.777897887   -4.231893228   -0.453995341
     1     725     0.00000     0.00000     0.03082   -3.673345926   -4.086744392   -0.413398467
     1     725     0.00000     0.00000     0.04110   -3.576913666   -3.984283173   -0.407369507
     1     725     0.00000     0.00000    -0.03082   -3.673345926   -4.086744392   -0.413398467
     1     725     0.00000     0.00000    -0.02055   -3.777897887   -4.231893228   -0.453995341
     1     725     0.00000     0.00000    -0.01027   -3.784209596   -4.217834205   -0.433624609
     1     726     0.00000     0.00000     0.00000   -3.710439463   -4.139690810   -0.429251347
     1     726     0.00000     0.00000     0.01027   -3.637713655   -4.062620668   -0.424907013
     1     726     0.00000     0.00000     0.02055   -3.566887363   -3.962574891   -0.395687528
     1     726     0.00000     0.00000     0.03082   -3.499650468   -3.866167358   -0.366516890
     1     726     0.00000     0.00000     0.04110   -3.576588747   -3.983890122   -0.407301375
     1     726     0.00000     0.00000    -0.03082   -3.499650468   -3.866167358   -0.366516890
     1     726     0.00000     0.00000    -0.02055   -3.566887363   -3.962574891   -0.395687528
     1     726     0.00000     0.00000    -0.01027   -3.637713655   -4.062620668   -0.424907013
     1     727     0.00000     0.00000     0.00000   -3.335513604   -3.682938765   -0.347425161
     1     727     0.00000     0.00000     0.01027   -3.365707623   -3.716971898   -0.351264275
     1     727     0.00000     0.00000     0.02055   -3.418928896   -3.796280329   -0.377351433
     1     727     0.00000     0.00000     0.03082   -3.490742406   -3.894133123   -0.403390717
     1     727     0.00000     0.00000     0.04110   -3.438492969   -3.800636489   -0.362143520
     1     727     0.00000     0.00000    -0.03082   -3.490742406   -3.894133123   -0.403390717
     1     727     0.00000     0.00000    -0.02055   -3.418928896   -3.796280329   -0.377351433
     1     727     0.00000     0.00000    -0.01027   -3.365707623   -3.716971898   -0.351264275
     1     728     0.00000     0.00000     0.00000   -3.335213452   -3.682523963   -0.347310511
     1     728     0.00000     0.00000     0.01027   -3.330124182   -3.678449006   -0.348324824
     1     728     0.00000     0.00000     0.02055   -3.348638477   -3.703374174   -0.354735697
     1     728     0.00000     0.00000     0.03082   -3.386495229   -3.747641421   -0.361146192
     1     728     0.00000     0.00000     0.04110   -3.438236927   -3.800300537   -0.362063610
     1     728     0.00000     0.00000    -0.03082   -3.386495229   -3.747641421   -0.361146192
     1     728     0.00000     0.00000    -0.02055   -3.348638477   -3.703374174   -0.354735697
     1     728     0.00000     0.00000    -0.01027   -3.330124182   -3.678449006   -0.348324824
     1     729     0.00000     0.00000     0.00000   -2.421328410   -1.607093930    0.814234480
     1     729     0.00000     0.00000     0.01027   -2.418248676   -1.603050233    0.815198444
     1     729     0.00000     0.00000     0.02055   -2.392805339   -1.571499821    0.821305519
     1     729     0.00000     0.00000     0.03082   -2.349316332   -1.521905026    0.827411305
     1     729     0.00000     0.00000     0.04110   -2.293343311   -1.465045746    0.828297565
     1     729     0.00000     0.00000    -0.03082   -2.349316332   -1.521905026    0.827411305
     1     729     0.00000     0.00000    -0.02055   -2.392805339   -1.571499821    0.821305519
     1     729     0.00000     0.00000    -0.01027   -2.418248676   -1.603050233    0.815198444
     1     730     0.00000     0.00000     0.00000   -2.420984471   -1.606644519    0.814339952
     1     730     0.00000     0.00000     0.01027   -2.399929593   -1.582117908    0.817811686
     1     730     0.00000     0.00000     0.02055   -2.356729788   -1.515324977    0.841404811
     1     730     0.00000     0.00000     0.03082   -2.295649328   -1.430658516    0.864990812
     1     730     0.00000     0.00000     0.04110   -2.293144545   -1.464798726    0.828345819
     1     730     0.00000     0.00000    -0.03082   -2.295649328   -1.430658516    0.864990812
     1     730     0.00000     0.00000    -0.02055   -2.356729788   -1.515324977    0.841404811
     1     730     0.00000     0.00000    -0.01027   -2.399929593   -1.582117908    0.817811686
     1     731     0.00000     0.00000     0.00000   -2.020760331   -1.133616094    0.887144237
     1     731     0.00000     0.00000     0.01027   -2.090960361   -1.207621705    0.883338657
     1     731     0.00000     0.00000     0.02055   -2.161064999   -1.303320609    0.857744390
     1     731     0.00000     0.00000     0.03082   -2.229304771   -1.397147062    0.832157710
     1     731     0.00000     0.00000     0.04110   -2.221146595   -1.352686179    0.868460416
     1     731     0.00000     0.00000    -0.03082   -2.229304771   -1.397147062    0.832157710
     1     731     0.00000     0.00000    -0.02055   -2.161064999   -1.303320609    0.857744390
     1     731     0.00000     0.00000    -0.01027   -2.090960361   -1.207621705    0.883338657
     1     732     0.00000     0.00000     0.00000   -2.020609195   -1.133431247    0.887177948
     1     732     0.00000     0.00000     0.01027   -1.973193377   -1.080037977    0.893155400
     1     732     0.00000     0.00000     0.02055   -2.043524836   -1.132678693    0.910846143
     1     732     0.00000     0.00000     0.03082   -2.136090527   -1.262064739    0.874025788
     1     732     0.00000     0.00000     0.04110   -2.220742423   -1.352146612    0.868595811
     1     732     0.00000     0.00000    -0.03082   -2.136090527   -1.262064739    0.874025788
     1     732     0.00000     0.00000    -0.02055   -2.043524836   -1.132678693    0.910846143
     1     732     0.00000     0.00000    -0.01027   -1.973193377   -1.080037977    0.893155400
     1     733     0.00000     0.00000     0.00000   -1.950506852   -1.058094052    0.892412800
     1     733     0.00000     0.00000     0.01027   -1.951368838   -1.060831611    0.890537227
     1     733     0.00000     0.00000     0.02055   -1.985068505   -1.087133123    0.897935382
     1     733     0.00000     0.00000     0.03082   -1.984961355   -1.082246151    0.902715204
     1     733     0.00000     0.00000     0.04110   -1.972349423   -1.068935869    0.903413554
     1     733     0.00000     0.00000    -0.03082   -1.984961355   -1.082246151    0.902715204
     1     733     0.00000     0.00000    -0.02055   -1.985068505   -1.087133123    0.897935382
     1     733     0.00000     0.00000    -0.01027   -1.951368838   -1.060831611    0.890537227
     1     734     0.00000     0.00000     0.00000   -1.950342468   -1.057875602    0.892466866
     1     734     0.00000     0.00000     0.01027   -1.944987612   -0.997354521    0.947633090
     1     734     0.00000     0.00000     0.02055   -1.909625420   -0.983765351    0.925860070
     1     734     0.00000     0.00000     0.03082   -1.946973076   -1.040629144    0.906343932
     1     734     0.00000     0.00000     0.04110   -1.972162571   -1.068717737    0.903444834
     1     734     0.00000     0.00000    -0.03082   -1.946973076   -1.040629144    0.906343932
     1     734     0.00000     0.00000    -0.02055   -1.909625420   -0.983765351    0.925860070
     1     734     0.00000     0.00000    -0.01027   -1.944987612   -0.997354521    0.947633090
     1     735     0.00000     0.00000     0.00000   -1.841933611   -0.888801926    0.953131685
     1     735     0.00000     0.00000     0.01027   -1.918275868   -1.024286405    0.893989463
     1     735     0.00000     0.00000     0.02055   -1.883819576   -0.970940676    0.912878899
     1     735     0.00000     0.00000     0.03082   -1.832799491   -0.918062421    0.914737070
     1     735     0.00000     0.00000     0.04110   -1.782895514   -0.866611801    0.916283713
     1     735     0.00000     0.00000    -0.03082   -1.832799491   -0.918062421    0.914737070
     1     735     0.00000     0.00000    -0.02055   -1.883819576   -0.970940676    0.912878899
     1     735     0.00000     0.00000    -0.01027   -1.918275868   -1.024286405    0.893989463
     1     736     0.00000     0.00000     0.00000   -1.841489592   -0.888284054    0.953205538
     1     736     0.00000     0.00000     0.01027   -1.861062832   -0.915685724    0.945377109
     1     736     0.00000     0.00000     0.02055   -1.878501943   -0.974138098    0.904363845
     1     736     0.00000     0.00000     0.03082   -1.818600070   -0.883345348    0.935254722
     1     736     0.00000     0.00000     0.04110   -1.782723387   -0.866435681    0.916287706
     1     736     0.00000     0.00000    -0.03082   -1.818600070   -0.883345348    0.935254722
     1     736     0.00000     0.00000    -0.02055   -1.878501943   -0.974138098    0.904363845
     1     736     0.00000     0.00000    -0.01027   -1.861062832   -0.915685724    0.945377109
     1     737     0.00000     0.00000     0.00000   -1.802514527   -0.854240161    0.948274366
     1     737     0.00000     0.00000     0.01027   -1.734895952   -0.782356465    0.952539487
     1     737     0.00000     0.00000     0.02055   -1.675571159   -0.740487693    0.935083466
     1     737     0.00000     0.00000     0.03082   -1.729991797   -0.811262459    0.918729338
     1     737     0.00000     0.00000     0.04110   -1.756147618   -0.817565403    0.938582215
     1     737     0.00000     0.00000    -0.03082   -1.729991797   -0.811262459    0.918729338
     1     737     0.00000     0.00000    -0.02055   -1.675571159   -0.740487693    0.935083466
     1     737     0.00000     0.00000    -0.01027   -1.734895952   -0.782356465    0.952539487
     1     738     0.00000     0.00000     0.00000   -1.802371104   -0.854062548    0.948308556
     1     738     0.00000     0.00000     0.01027   -1.734441580   -0.777947771    0.956493809
     1     738     0.00000     0.00000     0.02055   -1.660882806   -0.604285837    1.056596969
     1     738     0.00000     0.00000     0.03082   -1.696486012   -0.755636129    0.940849883
     1     738     0.00000     0.00000     0.04110   -1.755982976   -0.817369167    0.938613809
     1     738     0.00000     0.00000    -0.03082   -1.696486012   -0.755636129    0.940849883
     1     738     0.00000     0.00000    -0.02055   -1.660882806   -0.604285837    1.056596969
     1     738     0.00000     0.00000    -0.01027   -1.734441580   -0.777947771    0.956493809
     1     739     0.00000     0.00000     0.00000   -1.675109186   -0.623358621    1.051750565
     1     739     0.00000     0.00000     0.01027   -1.674067707   -0.621641393    1.052426314
     1     739     0.00000     0.00000     0.02055   -1.659452977   -0.680681576    0.978771402
     1     739     0.00000     0.00000     0.03082   -1.635793380   -0.574780525    1.061012855
     1     739     0.00000     0.00000     0.04110   -1.599502762   -0.537849495    1.061653267
     1     739     0.00000     0.00000    -0.03082   -1.635793380   -0.574780525    1.061012855
     1     739     0.00000     0.00000    -0.02055   -1.659452977   -0.680681576    0.978771402
     1     739     0.00000     0.00000    -0.01027   -1.674067707   -0.621641393    1.052426314
     1     740     0.00000     0.00000     0.00000   -1.674969824   -0.623147313    1.051822511
     1     740     0.00000     0.00000     0.01027   -1.663662944   -0.611342094    1.052320850
     1     740     0.00000     0.00000     0.02055   -1.644861869   -0.624975890    1.019885980
     1     740     0.00000     0.00000     0.03082   -1.615540967   -0.593815967    1.021725000
     1     740     0.00000     0.00000     0.04110   -1.599305900   -0.537649602    1.061656298
     1     740     0.00000     0.00000    -0.03082   -1.615540967   -0.593815967    1.021725000
     1     740     0.00000     0.00000    -0.02055   -1.644861869   -0.624975890    1.019885980
     1     740     0.00000     0.00000    -0.01027   -1.663662944   -0.611342094    1.052320850
