 # Column 1: omega
 # Column 2: eps2(omega)
 # Column 3: eps1(omega)
 # Column 4: JDOS(omega)
     0.000000000     0.000000000     2.728561458     0.000000000
     0.010000000     0.000000000     2.728688075     0.000000000
     0.020000000     0.000000000     2.729068050     0.000000000
     0.030000000     0.000000000     2.729701760     0.000000000
     0.040000000     0.000000000     2.730589831     0.000000000
     0.050000000     0.000000000     2.731733144     0.000000000
     0.060000000     0.000000000     2.733132835     0.000000000
     0.070000000     0.000000000     2.734790298     0.000000000
     0.080000000     0.000000000     2.736707189     0.000000000
     0.090000000     0.000000000     2.738885430     0.000000000
     0.100000000     0.000000000     2.741327216     0.000000000
     0.110000000     0.000000000     2.744035018     0.000000000
     0.120000000     0.000000000     2.747011592     0.000000000
     0.130000000     0.000000000     2.750259983     0.000000000
     0.140000000     0.000000000     2.753783539     0.000000000
     0.150000000     0.000000000     2.757585913     0.000000000
     0.160000000     0.000000000     2.761671079     0.000000000
     0.170000000     0.000000000     2.766043342     0.000000000
     0.180000000     0.000000000     2.770707347     0.000000000
     0.190000000     0.000000000     2.775668096     0.000000000
     0.200000000     0.000000000     2.780930960     0.000000000
     0.210000000     0.000000000     2.786501695     0.000000000
     0.220000000     0.000000000     2.792386464     0.000000000
     0.230000000     0.000000000     2.798591846     0.000000000
     0.240000000     0.000000000     2.805124867     0.000000000
     0.250000000     0.000000000     2.811993013     0.000000000
     0.260000000     0.000000000     2.819204261     0.000000000
     0.270000000     0.000000000     2.826767099     0.000000000
     0.280000000     0.000000000     2.834690558     0.000000000
     0.290000000     0.000000000     2.842984239     0.000000000
     0.300000000     0.000000000     2.851658351     0.000000000
     0.310000000     0.000000000     2.860723740     0.000000000
     0.320000000     0.000000000     2.870191935     0.000000000
     0.330000000     0.000000000     2.880075184     0.000000000
     0.340000000     0.000000000     2.890386503     0.000000000
     0.350000000     0.000000000     2.901139724     0.000000000
     0.360000000     0.000000000     2.912349552     0.000000000
     0.370000000     0.000000000     2.924031621     0.000000000
     0.380000000     0.000000000     2.936202559     0.000000000
     0.390000000     0.000000000     2.948880061     0.000000000
     0.400000000     0.000000000     2.962082960     0.000000000
     0.410000000     0.000000000     2.975831318     0.000000000
     0.420000000     0.000000000     2.990146510     0.000000000
     0.430000000     0.000000000     3.005051331     0.000000000
     0.440000000     0.000000000     3.020570105     0.000000000
     0.450000000     0.000000000     3.036728804     0.000000000
     0.460000000     0.000000000     3.053555184     0.000000000
     0.470000000     0.000000000     3.071078932     0.000000000
     0.480000000     0.000000000     3.089331829     0.000000000
     0.490000000     0.000000000     3.108347929     0.000000000
     0.500000000     0.000000000     3.128163760     0.000000000
     0.510000000     0.000000000     3.148818544     0.000000000
     0.520000000     0.000000000     3.170354445     0.000000000
     0.530000000     0.000000000     3.192816839     0.000000000
     0.540000000     0.000000000     3.216254627     0.000000000
     0.550000000     0.000000000     3.240720571     0.000000000
     0.560000000     0.000000000     3.266271682     0.000000000
     0.570000000     0.000000000     3.292969648     0.000000000
     0.580000000     0.000000000     3.320881322     0.000000000
     0.590000000     0.000000000     3.350079269     0.000000000
     0.600000000     0.000000000     3.380642390     0.000000000
     0.610000000     0.000000000     3.412656619     0.000000000
     0.620000000     0.000000000     3.446215731     0.000000000
     0.630000000     0.000000000     3.481422257     0.000000000
     0.640000000     0.000000000     3.518388525     0.000000000
     0.650000000     0.000000000     3.557237872     0.000000000
     0.660000000     0.000000000     3.598106021     0.000000000
     0.670000000     0.000000000     3.641142694     0.000000000
     0.680000000     0.000000000     3.686513469     0.000000000
     0.690000000     0.000000000     3.734401949     0.000000000
     0.700000000     0.000000000     3.785012304     0.000000000
     0.710000000     0.000000000     3.838572256     0.000000000
     0.720000000     0.000000000     3.895336602     0.000000000
     0.730000000     0.000000000     3.955591396     0.000000000
     0.740000000     0.000000000     4.019658942     0.000000000
     0.750000000     0.000000000     4.087903769     0.000000000
     0.760000000     0.000000000     4.160739853     0.000000000
     0.770000000     0.000000000     4.238639371     0.000000000
     0.780000000     0.000000000     4.322143403     0.000000000
     0.790000000     0.000000000     4.411875087     0.000000000
     0.800000000     0.000000000     4.508555943     0.000000000
     0.810000000     0.000000000     4.613026241     0.000000000
     0.820000000     0.000000000     4.726270692     0.000000000
     0.830000000     0.000000000     4.849451099     0.000000000
     0.840000000     0.000000000     4.983948296     0.000000000
     0.850000000     0.000000000     5.131416560     0.000000000
     0.860000000     0.000000000     5.293855018     0.000000000
     0.870000000     0.000000000     5.473702467     0.000000000
     0.880000000     0.000000000     5.673964868     0.000000000
     0.890000000     0.000000004     5.898389041     0.000000000
     0.900000000     0.000000093     6.151702413     0.000000000
     0.910000000     0.000001764     6.439948164     0.000000002
     0.920000000     0.000025932     6.770958615     0.000000034
     0.930000000     0.000296941     7.155027228     0.000000391
     0.940000000     0.002648387     7.605854549     0.000003483
     0.950000000     0.018400629     8.141823465     0.000024198
     0.960000000     0.099624666     8.787469025     0.000130988
     0.970000000     0.420639340     9.574099709     0.000552805
     0.980000000     1.387384810    10.534626546     0.001821385
     0.990000000     3.588147395    11.671085287     0.004699491
     1.000000000     7.336928084    12.806163996     0.009559750
     1.010000000    12.065957680    13.061027713     0.015551294
     1.020000000    16.474785443    10.526325901     0.020793379
     1.030000000    19.575865444     6.659926271     0.023876101
     1.040000000    21.143301666     5.015571364     0.024699389
     1.050000000    20.891507761     2.371436677     0.023488466
     1.060000000    18.205429970    -2.925343695     0.020125770
     1.070000000    13.331508917    -5.442838300     0.015316197
     1.080000000     7.945697275    -4.826498171     0.011380474
     1.090000000     3.899968922    -3.339658315     0.010774872
     1.100000000     1.954937925    -1.809279225     0.013923468
     1.110000000     1.960617296    -0.401069519     0.018832287
     1.120000000     3.590136409     0.846579832     0.022884770
     1.130000000     6.350440720     1.802870357     0.024802040
     1.140000000     9.094199183     1.599776139     0.024543238
     1.150000000    10.250722158    -1.086062893     0.022017022
     1.160000000     9.042363910    -3.835275048     0.017229768
     1.170000000     6.262395228    -4.158875774     0.011487716
     1.180000000     3.543319825    -3.340425544     0.007260698
     1.190000000     2.088276910    -2.307300295     0.006835835
     1.200000000     2.237255668    -1.304683481     0.011339948
     1.210000000     3.705318246    -0.466665970     0.019979724
     1.220000000     5.704105299    -0.221788787     0.029345345
     1.230000000     7.068565322    -1.409255338     0.034696849
     1.240000000     6.898227574    -3.623072442     0.033774190
     1.250000000     5.282304848    -4.626751679     0.029190393
     1.260000000     3.170965577    -4.393041118     0.025838597
     1.270000000     1.495517597    -3.833665259     0.026131244
     1.280000000     0.569275587    -3.282901931     0.028629602
     1.290000000     0.220004117    -2.803574830     0.030634472
     1.300000000     0.186245741    -2.395340886     0.030815204
     1.310000000     0.303767552    -2.050021924     0.029517450
     1.320000000     0.470231429    -1.782911404     0.027462302
     1.330000000     0.584311945    -1.668729168     0.024497483
     1.340000000     0.569878631    -1.676271113     0.019896885
     1.350000000     0.434543378    -1.589078009     0.013925764
     1.360000000     0.260070338    -1.416080706     0.008381252
     1.370000000     0.126812460    -1.231681484     0.005343009
     1.380000000     0.062247954    -1.059597083     0.005902586
     1.390000000     0.050604301    -0.903723258     0.009821051
     1.400000000     0.063001283    -0.767136696     0.015555850
     1.410000000     0.074738586    -0.658054892     0.020884655
     1.420000000     0.072612282    -0.566186091     0.024463311
     1.430000000     0.057406739    -0.465988664     0.026706599
     1.440000000     0.038184817    -0.362619943     0.028692551
     1.450000000     0.022559392    -0.263576458     0.030817303
     1.460000000     0.012723755    -0.166805636     0.032967331
     1.470000000     0.008041842    -0.071378587     0.035176332
     1.480000000     0.007890193     0.022355788     0.037460065
     1.490000000     0.011979359     0.114717014     0.039209697
     1.500000000     0.020151107     0.205674036     0.039175613
     1.510000000     0.033564567     0.294391087     0.036739943
     1.520000000     0.055823110     0.384165702     0.033587574
     1.530000000     0.090711753     0.479062403     0.033340183
     1.540000000     0.138445670     0.568696362     0.038668087
     1.550000000     0.198166535     0.639385088     0.049026152
     1.560000000     0.276062155     0.715247906     0.061534727
     1.570000000     0.385899151     0.799832316     0.073343871
     1.580000000     0.537536284     0.859102637     0.082768801
     1.590000000     0.729159787     0.895662507     0.089126299
     1.600000000     0.954280538     0.870046456     0.092361549
     1.610000000     1.201681796     0.810184295     0.092830443
     1.620000000     1.424251734     0.760316775     0.091327079
     1.630000000     1.521978202     0.525881157     0.088978921
     1.640000000     1.408394957     0.185106242     0.086500166
     1.650000000     1.105957680     0.049400189     0.083786988
     1.660000000     0.741430021     0.057063425     0.081145027
     1.670000000     0.445879373     0.142522695     0.080619544
     1.680000000     0.278798784     0.269804950     0.084391376
     1.690000000     0.227338794     0.390187760     0.091133760
     1.700000000     0.242295467     0.472192634     0.095548136
     1.710000000     0.273324289     0.522651223     0.093094185
     1.720000000     0.291148880     0.568163405     0.084761365
     1.730000000     0.293560422     0.599400108     0.076261732
     1.740000000     0.294681571     0.652367512     0.072604325
     1.750000000     0.302279126     0.717084318     0.073863364
     1.760000000     0.303405512     0.743119730     0.076480183
     1.770000000     0.279050186     0.746025991     0.078295948
     1.780000000     0.231388701     0.787551216     0.080874060
     1.790000000     0.186249183     0.864679064     0.086420504
     1.800000000     0.169685234     0.949117949     0.094502801
     1.810000000     0.191551036     1.028480204     0.103332806
     1.820000000     0.249681281     1.098259592     0.112591871
     1.830000000     0.335685488     1.159760556     0.123210144
     1.840000000     0.428095467     1.209629991     0.135073554
     1.850000000     0.489634138     1.204430782     0.145804413
     1.860000000     0.490592073     1.169334117     0.151785097
     1.870000000     0.441656925     1.182665108     0.151059836
     1.880000000     0.394665554     1.252089847     0.145842617
     1.890000000     0.403251081     1.358378732     0.141419398
     1.900000000     0.479356005     1.446828826     0.141849821
     1.910000000     0.581321645     1.490225541     0.146954177
     1.920000000     0.641913487     1.487835896     0.153429174
     1.930000000     0.620128074     1.449028247     0.158267857
     1.940000000     0.539500518     1.495040754     0.160820022
     1.950000000     0.477604702     1.627926786     0.162147350
     1.960000000     0.514688484     1.790546176     0.163959488
     1.970000000     0.683526641     1.962778961     0.168646000
     1.980000000     0.953584295     2.086428881     0.178000199
     1.990000000     1.264997939     2.092087411     0.190301178
     2.000000000     1.589157423     2.030286894     0.200556453
     2.010000000     1.933519443     2.047454099     0.205182140
     2.020000000     2.261866803     2.016851083     0.205017593
     2.030000000     2.459723878     1.717586385     0.202972690
     2.040000000     2.449599183     1.373487666     0.200813584
     2.050000000     2.317585691     1.276707624     0.199607697
     2.060000000     2.257291482     1.364186866     0.201136673
     2.070000000     2.385332600     1.408894675     0.206250024
     2.080000000     2.640677213     1.369465831     0.212906262
     2.090000000     2.862547206     1.142538605     0.218722652
     2.100000000     2.957164217     0.818760115     0.225113790
     2.110000000     2.976617747     0.706668347     0.235918893
     2.120000000     3.021158715     0.682540135     0.251556311
     2.130000000     3.105060673     0.518896091     0.267498296
     2.140000000     3.180313554     0.199110379     0.279948234
     2.150000000     3.253942594     0.003639432     0.290775389
     2.160000000     3.376568243    -0.062076563     0.304472021
     2.170000000     3.504330905    -0.339487018     0.320892477
     2.180000000     3.460710830    -0.795397660     0.333463897
     2.190000000     3.085203423    -1.302336914     0.335701592
     2.200000000     2.400974986    -1.667850222     0.328045778
     2.210000000     1.616016310    -1.656969932     0.316669868
     2.220000000     0.965079686    -1.458650128     0.306913814
     2.230000000     0.562573114    -1.233347726     0.300239404
     2.240000000     0.389969658    -1.023655453     0.296457167
     2.250000000     0.368914362    -0.835264110     0.295859381
     2.260000000     0.415329289    -0.695813178     0.298703071
     2.270000000     0.457256375    -0.635231008     0.303737552
     2.280000000     0.452607360    -0.608118363     0.307855184
     2.290000000     0.406693584    -0.553756820     0.308340180
     2.300000000     0.362778461    -0.472197615     0.306217894
     2.310000000     0.364941945    -0.376318713     0.306035402
     2.320000000     0.419909284    -0.289924772     0.311445650
     2.330000000     0.487193486    -0.266936228     0.322226680
     2.340000000     0.510941894    -0.315392135     0.335947612
     2.350000000     0.468582306    -0.344924462     0.350804296
     2.360000000     0.385977124    -0.325263810     0.365648028
     2.370000000     0.304956120    -0.272835772     0.378326978
     2.380000000     0.245445335    -0.224976646     0.386308179
     2.390000000     0.202444855    -0.190576190     0.389407954
     2.400000000     0.168537783    -0.146886773     0.390215796
     2.410000000     0.147426458    -0.087260826     0.391753465
     2.420000000     0.147038077    -0.026907142     0.395847002
     2.430000000     0.169193591     0.022468545     0.402520582
     2.440000000     0.209353775     0.057977611     0.409693379
     2.450000000     0.260130479     0.088149137     0.414746011
     2.460000000     0.309686048     0.101351309     0.416661558
     2.470000000     0.340451690     0.089099667     0.415805747
     2.480000000     0.337721474     0.065634384     0.413999007
     2.490000000     0.303555012     0.047356201     0.417485383
     2.500000000     0.259631423     0.059833271     0.436556247
     2.510000000     0.231025023     0.094619302     0.476227264
     2.520000000     0.224771434     0.125557390     0.526647938
     2.530000000     0.226473780     0.129160029     0.567590081
     2.540000000     0.218533041     0.122954787     0.585262983
     2.550000000     0.197481820     0.135188117     0.582489871
     2.560000000     0.172058013     0.155195444     0.571427804
     2.570000000     0.150600975     0.177373465     0.560488256
     2.580000000     0.135499347     0.198361889     0.550565286
     2.590000000     0.126901973     0.221507698     0.539722854
     2.600000000     0.126295404     0.248113335     0.527853889
     2.610000000     0.135055395     0.273120342     0.518120058
     2.620000000     0.150904184     0.292695570     0.515205919
     2.630000000     0.166654136     0.305412935     0.521274416
     2.640000000     0.173471653     0.308294733     0.533888179
     2.650000000     0.167709794     0.307985158     0.548945472
     2.660000000     0.155601458     0.319719353     0.564532687
     2.670000000     0.149619019     0.342914529     0.580518630
     2.680000000     0.158705348     0.367739072     0.595932091
     2.690000000     0.182024414     0.383360214     0.609178358
     2.700000000     0.211679214     0.387229713     0.620242449
     2.710000000     0.239716317     0.383687067     0.630296707
     2.720000000     0.261343591     0.376597868     0.639742770
     2.730000000     0.272565549     0.365113618     0.648992241
     2.740000000     0.268055346     0.346304156     0.659453278
     2.750000000     0.244467215     0.325632111     0.670531809
     2.760000000     0.205911243     0.315592577     0.677413771
     2.770000000     0.163481224     0.323726874     0.674833158
     2.780000000     0.127596010     0.341921876     0.662030978
     2.790000000     0.101536000     0.359749974     0.642874887
     2.800000000     0.082799155     0.377419234     0.622858924
     2.810000000     0.068801930     0.398883448     0.607163314
     2.820000000     0.059863942     0.423118894     0.600157643
     2.830000000     0.057929060     0.449083746     0.604430798
     2.840000000     0.064157299     0.475614729     0.619264057
     2.850000000     0.078243524     0.499163870     0.640735076
     2.860000000     0.099916666     0.517839008     0.664045095
     2.870000000     0.130088200     0.536149265     0.685230937
     2.880000000     0.168776219     0.551379769     0.700617603
     2.890000000     0.212160398     0.554640338     0.707171916
     2.900000000     0.254211712     0.542473504     0.705704721
     2.910000000     0.290961669     0.525404577     0.702186970
     2.920000000     0.319123455     0.511611226     0.702871303
     2.930000000     0.330901816     0.483638614     0.707577450
     2.940000000     0.317530389     0.435392734     0.709829686
     2.950000000     0.280625936     0.409076723     0.704644405
     2.960000000     0.233811516     0.406734443     0.693460121
     2.970000000     0.190571088     0.409999425     0.679801611
     2.980000000     0.155277556     0.415432599     0.664701948
     2.990000000     0.127080533     0.423195290     0.650096843
     3.000000000     0.107235077     0.439147486     0.642381489
     3.010000000     0.099107445     0.460594859     0.647242554
     3.020000000     0.102347058     0.479695560     0.662278298
     3.030000000     0.110046491     0.489091925     0.678478749
     3.040000000     0.113355978     0.489216121     0.689030608
     3.050000000     0.108494426     0.491949997     0.694233743
     3.060000000     0.098256150     0.502235925     0.697445436
     3.070000000     0.087730315     0.514178562     0.699049575
     3.080000000     0.080678917     0.526815269     0.696778845
     3.090000000     0.079309024     0.543094910     0.690935574
     3.100000000     0.084379304     0.560894926     0.686180863
     3.110000000     0.094736537     0.575164389     0.686104345
     3.120000000     0.109147618     0.584425757     0.687317673
     3.130000000     0.129574482     0.594126989     0.682358343
     3.140000000     0.159723462     0.606831538     0.669303939
     3.150000000     0.197665508     0.614974485     0.655739542
     3.160000000     0.232736234     0.600905843     0.651679039
     3.170000000     0.254896462     0.569757261     0.660022971
     3.180000000     0.265895351     0.554430365     0.674364778
     3.190000000     0.275320622     0.548568566     0.684463418
     3.200000000     0.285980235     0.533671193     0.683592484
     3.210000000     0.289038613     0.501544477     0.672503895
     3.220000000     0.274338156     0.468651456     0.658014763
     3.230000000     0.241199347     0.445607094     0.647451136
     3.240000000     0.198369638     0.434109108     0.642537102
     3.250000000     0.156672409     0.433640553     0.638199223
     3.260000000     0.122545590     0.440777752     0.628671885
     3.270000000     0.096418535     0.448712277     0.614210445
     3.280000000     0.075703564     0.454716076     0.599909450
     3.290000000     0.058826356     0.465413475     0.588746798
     3.300000000     0.046051061     0.479240862     0.578169433
     3.310000000     0.037462565     0.491094717     0.563682779
     3.320000000     0.031951748     0.501471103     0.544309097
     3.330000000     0.028198738     0.512265204     0.524185059
     3.340000000     0.025541006     0.522164529     0.509772559
     3.350000000     0.023855402     0.531179014     0.505903790
     3.360000000     0.023169193     0.540246913     0.513742847
     3.370000000     0.023361126     0.548571641     0.531328722
     3.380000000     0.024035039     0.555352946     0.554793578
     3.390000000     0.024687723     0.561783646     0.578553998
     3.400000000     0.025010049     0.567624356     0.596509629
     3.410000000     0.025125335     0.572534847     0.606500162
     3.420000000     0.025563867     0.578064385     0.612837723
     3.430000000     0.026690900     0.583789966     0.620450066
     3.440000000     0.028009522     0.587755829     0.627021780
     3.450000000     0.028312431     0.590103524     0.624841637
     3.460000000     0.026657914     0.592580624     0.609376801
     3.470000000     0.023122023     0.595481685     0.581864950
     3.480000000     0.018763218     0.599543136     0.545038330
     3.490000000     0.015031582     0.605214832     0.502579114
     3.500000000     0.013035510     0.611549760     0.464145139
     3.510000000     0.013123373     0.617544727     0.444704849
     3.520000000     0.015023368     0.622751116     0.453034880
     3.530000000     0.018175208     0.627391711     0.481170772
     3.540000000     0.021779168     0.630953957     0.508378521
     3.550000000     0.024730341     0.632793522     0.516914539
     3.560000000     0.025882490     0.633493604     0.503840025
     3.570000000     0.024587256     0.634212701     0.479116291
     3.580000000     0.021110234     0.635165495     0.455926782
     3.590000000     0.016631047     0.637677464     0.443325433
     3.600000000     0.012676454     0.642100259     0.443200069
     3.610000000     0.010254420     0.646976949     0.450127277
     3.620000000     0.009443606     0.651351081     0.455059478
     3.630000000     0.009734776     0.655359309     0.451631564
     3.640000000     0.010512233     0.659247705     0.440010537
     3.650000000     0.011210203     0.662574663     0.425340206
     3.660000000     0.011461928     0.665008731     0.412932091
     3.670000000     0.011412607     0.667882399     0.404427759
     3.680000000     0.011682965     0.671485040     0.397941356
     3.690000000     0.012776700     0.674953614     0.391064220
     3.700000000     0.014547023     0.677390820     0.381804991
     3.710000000     0.016209347     0.679322897     0.366672025
     3.720000000     0.016795265     0.680485992     0.341744334
     3.730000000     0.015859435     0.680677847     0.308053970
     3.740000000     0.014004719     0.682324956     0.273430995
     3.750000000     0.012445193     0.685574540     0.245988014
     3.760000000     0.011799880     0.688824731     0.226645417
     3.770000000     0.011615987     0.690450491     0.210794225
     3.780000000     0.011247925     0.691811414     0.196398312
     3.790000000     0.010726023     0.694433312     0.186436021
     3.800000000     0.010409912     0.697048894     0.183046672
     3.810000000     0.010185708     0.699157824     0.183371796
     3.820000000     0.009509825     0.700388958     0.182899279
     3.830000000     0.008167793     0.701954606     0.180496147
     3.840000000     0.006628844     0.704700167     0.178396124
     3.850000000     0.005606531     0.707611006     0.178414144
     3.860000000     0.005479970     0.710441347     0.179930512
     3.870000000     0.006108456     0.713193543     0.181534909
     3.880000000     0.006968937     0.715315153     0.183021882
     3.890000000     0.007479373     0.716611338     0.184275390
     3.900000000     0.007372875     0.718036008     0.182551680
     3.910000000     0.006809002     0.719816530     0.173476789
     3.920000000     0.006123705     0.721573041     0.156542051
     3.930000000     0.005509231     0.723611481     0.137808299
     3.940000000     0.004902494     0.725462977     0.124978760
     3.950000000     0.004131751     0.727111072     0.120731727
     3.960000000     0.003173469     0.728996243     0.121732816
     3.970000000     0.002261429     0.731252450     0.122420773
     3.980000000     0.001748567     0.733722311     0.118939572
     3.990000000     0.001872450     0.736189200     0.110898018
     4.000000000     0.002574339     0.738500022     0.100248120
     4.010000000     0.003441716     0.740352200     0.088587024
     4.020000000     0.003890964     0.741457893     0.076157022
     4.030000000     0.003576980     0.742323749     0.063197387
     4.040000000     0.002662215     0.743825979     0.050784240
     4.050000000     0.001624781     0.745760944     0.039823214
     4.060000000     0.000838334     0.747774036     0.030212018
     4.070000000     0.000383683     0.749752620     0.021875250
     4.080000000     0.000163512     0.751699083     0.016274059
     4.090000000     0.000066871     0.753597638     0.015937463
     4.100000000     0.000028421     0.755443192     0.022061299
     4.110000000     0.000016824     0.757239211     0.032773204
     4.120000000     0.000016698     0.758990061     0.044317232
     4.130000000     0.000020611     0.760701475     0.054062302
     4.140000000     0.000025007     0.762378652     0.061292840
     4.150000000     0.000027256     0.764021407     0.064949616
     4.160000000     0.000025297     0.765631781     0.063180228
     4.170000000     0.000019276     0.767218320     0.056410677
     4.180000000     0.000011805     0.768783920     0.048247124
     4.190000000     0.000005754     0.770327019     0.041648998
     4.200000000     0.000002232     0.771847475     0.036024562
     4.210000000     0.000000700     0.773346087     0.029164019
     4.220000000     0.000000188     0.774823836     0.020602580
     4.230000000     0.000000055     0.776281669     0.012141704
     4.240000000     0.000000064     0.777720464     0.005823779
     4.250000000     0.000000324     0.779141062     0.002275675
     4.260000000     0.000001589     0.780544278     0.000898054
     4.270000000     0.000006143     0.781930906     0.001010802
     4.280000000     0.000018510     0.783301617     0.002586224
     4.290000000     0.000043440     0.784656428     0.006002212
     4.300000000     0.000079397     0.785992443     0.010962839
     4.310000000     0.000113021     0.787297509     0.015604859
     4.320000000     0.000125318     0.788557615     0.017303597
     4.330000000     0.000108361     0.789807736     0.014968313
     4.340000000     0.000073718     0.791073442     0.010214473
     4.350000000     0.000042055     0.792337907     0.005952787
     4.360000000     0.000027981     0.793591079     0.004322005
     4.370000000     0.000035343     0.794830452     0.006000395
     4.380000000     0.000059077     0.796053939     0.010288631
     4.390000000     0.000085961     0.797253550     0.015027583
     4.400000000     0.000098960     0.798416204     0.017308609
     4.410000000     0.000088908     0.799562799     0.015551494
     4.420000000     0.000062225     0.800720365     0.010884311
     4.430000000     0.000033918     0.801877539     0.005932915
     4.440000000     0.000014399     0.803024790     0.002518624
     4.450000000     0.000004760     0.804159771     0.000832693
     4.460000000     0.000001226     0.805282347     0.000214404
     4.470000000     0.000000246     0.806392846     0.000042994
     4.480000000     0.000000038     0.807491642     0.000006714
     4.490000000     0.000000005     0.808579075     0.000000817
     4.500000000     0.000000000     0.809655445     0.000000077
     4.510000000     0.000000000     0.810721015     0.000000006
     4.520000000     0.000000000     0.811776021     0.000000000
     4.530000000     0.000000000     0.812820679     0.000000000
     4.540000000     0.000000000     0.813855188     0.000000000
     4.550000000     0.000000000     0.814879736     0.000000000
     4.560000000     0.000000000     0.815894499     0.000000000
     4.570000000     0.000000000     0.816899645     0.000000000
     4.580000000     0.000000000     0.817895334     0.000000000
     4.590000000     0.000000000     0.818881720     0.000000000
     4.600000000     0.000000000     0.819858952     0.000000000
     4.610000000     0.000000000     0.820827172     0.000000000
     4.620000000     0.000000000     0.821786520     0.000000000
     4.630000000     0.000000000     0.822737130     0.000000000
     4.640000000     0.000000000     0.823679133     0.000000000
     4.650000000     0.000000000     0.824612655     0.000000000
     4.660000000     0.000000000     0.825537820     0.000000000
     4.670000000     0.000000000     0.826454749     0.000000000
     4.680000000     0.000000000     0.827363559     0.000000000
     4.690000000     0.000000000     0.828264364     0.000000000
     4.700000000     0.000000000     0.829157277     0.000000000
     4.710000000     0.000000000     0.830042406     0.000000000
     4.720000000     0.000000000     0.830919858     0.000000000
     4.730000000     0.000000000     0.831789738     0.000000000
     4.740000000     0.000000000     0.832652147     0.000000000
     4.750000000     0.000000000     0.833507186     0.000000000
     4.760000000     0.000000000     0.834354952     0.000000000
     4.770000000     0.000000000     0.835195541     0.000000000
     4.780000000     0.000000000     0.836029047     0.000000000
     4.790000000     0.000000000     0.836855562     0.000000000
     4.800000000     0.000000000     0.837675175     0.000000000
     4.810000000     0.000000000     0.838487976     0.000000000
     4.820000000     0.000000000     0.839294049     0.000000000
     4.830000000     0.000000000     0.840093482     0.000000000
     4.840000000     0.000000000     0.840886355     0.000000000
     4.850000000     0.000000000     0.841672753     0.000000000
     4.860000000     0.000000000     0.842452753     0.000000000
     4.870000000     0.000000000     0.843226436     0.000000000
     4.880000000     0.000000000     0.843993878     0.000000000
     4.890000000     0.000000000     0.844755155     0.000000000
     4.900000000     0.000000000     0.845510342     0.000000000
     4.910000000     0.000000000     0.846259512     0.000000000
     4.920000000     0.000000000     0.847002737     0.000000000
     4.930000000     0.000000000     0.847740087     0.000000000
     4.940000000     0.000000000     0.848471631     0.000000000
     4.950000000     0.000000000     0.849197439     0.000000000
     4.960000000     0.000000000     0.849917576     0.000000000
     4.970000000     0.000000000     0.850632110     0.000000000
     4.980000000     0.000000000     0.851341104     0.000000000
     4.990000000     0.000000000     0.852044622     0.000000000
     5.000000000     0.000000000     0.852742728     0.000000000
