 # Column 1: omega
 # Column 2: eps2(omega)
 # Column 3: eps1(omega)
 # Column 4: JDOS(omega)
     0.000000000     0.000000000     2.697601330     0.000000000
     0.010000000     0.000000000     2.697716245     0.000000000
     0.020000000     0.000000000     2.698061092     0.000000000
     0.030000000     0.000000000     2.698636183     0.000000000
     0.040000000     0.000000000     2.699442041     0.000000000
     0.050000000     0.000000000     2.700479394     0.000000000
     0.060000000     0.000000000     2.701749186     0.000000000
     0.070000000     0.000000000     2.703252574     0.000000000
     0.080000000     0.000000000     2.704990931     0.000000000
     0.090000000     0.000000000     2.706965850     0.000000000
     0.100000000     0.000000000     2.709179148     0.000000000
     0.110000000     0.000000000     2.711632872     0.000000000
     0.120000000     0.000000000     2.714329299     0.000000000
     0.130000000     0.000000000     2.717270948     0.000000000
     0.140000000     0.000000000     2.720460580     0.000000000
     0.150000000     0.000000000     2.723901211     0.000000000
     0.160000000     0.000000000     2.727596115     0.000000000
     0.170000000     0.000000000     2.731548834     0.000000000
     0.180000000     0.000000000     2.735763185     0.000000000
     0.190000000     0.000000000     2.740243276     0.000000000
     0.200000000     0.000000000     2.744993508     0.000000000
     0.210000000     0.000000000     2.750018594     0.000000000
     0.220000000     0.000000000     2.755323567     0.000000000
     0.230000000     0.000000000     2.760913799     0.000000000
     0.240000000     0.000000000     2.766795009     0.000000000
     0.250000000     0.000000000     2.772973283     0.000000000
     0.260000000     0.000000000     2.779455093     0.000000000
     0.270000000     0.000000000     2.786247312     0.000000000
     0.280000000     0.000000000     2.793357235     0.000000000
     0.290000000     0.000000000     2.800792604     0.000000000
     0.300000000     0.000000000     2.808561628     0.000000000
     0.310000000     0.000000000     2.816673010     0.000000000
     0.320000000     0.000000000     2.825135975     0.000000000
     0.330000000     0.000000000     2.833960299     0.000000000
     0.340000000     0.000000000     2.843156342     0.000000000
     0.350000000     0.000000000     2.852735082     0.000000000
     0.360000000     0.000000000     2.862708153     0.000000000
     0.370000000     0.000000000     2.873087888     0.000000000
     0.380000000     0.000000000     2.883887361     0.000000000
     0.390000000     0.000000000     2.895120434     0.000000000
     0.400000000     0.000000000     2.906801814     0.000000000
     0.410000000     0.000000000     2.918947105     0.000000000
     0.420000000     0.000000000     2.931572875     0.000000000
     0.430000000     0.000000000     2.944696718     0.000000000
     0.440000000     0.000000000     2.958337331     0.000000000
     0.450000000     0.000000000     2.972514594     0.000000000
     0.460000000     0.000000000     2.987249656     0.000000000
     0.470000000     0.000000000     3.002565033     0.000000000
     0.480000000     0.000000000     3.018484712     0.000000000
     0.490000000     0.000000000     3.035034266     0.000000000
     0.500000000     0.000000000     3.052240983     0.000000000
     0.510000000     0.000000000     3.070134003     0.000000000
     0.520000000     0.000000000     3.088744471     0.000000000
     0.530000000     0.000000000     3.108105709     0.000000000
     0.540000000     0.000000000     3.128253401     0.000000000
     0.550000000     0.000000000     3.149225800     0.000000000
     0.560000000     0.000000000     3.171063959     0.000000000
     0.570000000     0.000000000     3.193811985     0.000000000
     0.580000000     0.000000000     3.217517323     0.000000000
     0.590000000     0.000000000     3.242231070     0.000000000
     0.600000000     0.000000000     3.268008330     0.000000000
     0.610000000     0.000000000     3.294908606     0.000000000
     0.620000000     0.000000000     3.322996247     0.000000000
     0.630000000     0.000000000     3.352340938     0.000000000
     0.640000000     0.000000000     3.383018262     0.000000000
     0.650000000     0.000000000     3.415110330     0.000000000
     0.660000000     0.000000000     3.448706493     0.000000000
     0.670000000     0.000000000     3.483904145     0.000000000
     0.680000000     0.000000000     3.520809642     0.000000000
     0.690000000     0.000000001     3.559539338     0.000000000
     0.700000000     0.000000003     3.600220772     0.000000000
     0.710000000     0.000000010     3.642994018     0.000000000
     0.720000000     0.000000034     3.688013235     0.000000000
     0.730000000     0.000000114     3.735448438     0.000000000
     0.740000000     0.000000366     3.785487528     0.000000001
     0.750000000     0.000001128     3.838338631     0.000000002
     0.760000000     0.000003343     3.894232774     0.000000005
     0.770000000     0.000009514     3.953426964     0.000000013
     0.780000000     0.000026019     4.016207715     0.000000037
     0.790000000     0.000068368     4.082895073     0.000000096
     0.800000000     0.000172597     4.153847189     0.000000243
     0.810000000     0.000418643     4.229465458     0.000000589
     0.820000000     0.000975628     4.310200192     0.000001375
     0.830000000     0.002184506     4.396556735     0.000003082
     0.840000000     0.004699509     4.489101712     0.000006641
     0.850000000     0.009713654     4.588468864     0.000013753
     0.860000000     0.019290575     4.695363351     0.000027378
     0.870000000     0.036808019     4.810562471     0.000052398
     0.880000000     0.067480441     4.934909081     0.000096428
     0.890000000     0.118865832     5.069291018     0.000170664
     0.900000000     0.201181586     5.214594460     0.000290569
     0.910000000     0.327178347     5.371609653     0.000476056
     0.920000000     0.511288839     5.540850261     0.000750828
     0.930000000     0.767830020     5.722217230     0.001140539
     0.940000000     1.108230485     5.914385487     0.001669688
     0.950000000     1.537581314     6.113706656     0.002357483
     0.960000000     2.051204373     6.312304045     0.003213395
     0.970000000     2.632265720     6.494953489     0.004233433
     0.980000000     3.251563738     6.634596052     0.005398355
     0.990000000     3.870349423     6.687835170     0.006674720
     1.000000000     4.446354343     6.596287805     0.008019040
     1.010000000     4.942236749     6.306962006     0.009384445
     1.020000000     5.334690258     5.821441548     0.010728379
     1.030000000     5.621847349     5.242090615     0.012019424
     1.040000000     5.826643355     4.739232004     0.013241431
     1.050000000     5.994583214     4.442057429     0.014393775
     1.060000000     6.185711346     4.374127396     0.015487590
     1.070000000     6.462142860     4.481099551     0.016538828
     1.080000000     6.873799334     4.681435177     0.017559845
     1.090000000     7.445608297     4.889693587     0.018551514
     1.100000000     8.169186194     5.016195437     0.019497860
     1.110000000     9.001006935     4.964273473     0.020364694
     1.120000000     9.867560382     4.645406177     0.021103033
     1.130000000    10.676438970     4.017368918     0.021657151
     1.140000000    11.331050790     3.113257080     0.021976078
     1.150000000    11.746014612     2.026060222     0.022026511
     1.160000000    11.860336792     0.874585429     0.021804388
     1.170000000    11.646115165    -0.230995315     0.021342335
     1.180000000    11.111547602    -1.227723326     0.020710673
     1.190000000    10.298178343    -2.084394478     0.020010921
     1.200000000     9.273349099    -2.748711938     0.019362399
     1.210000000     8.119557096    -3.162108662     0.018884307
     1.220000000     6.922766937    -3.319351492     0.018677019
     1.230000000     5.761665072    -3.275586203     0.018806776
     1.240000000     4.699439165    -3.107106776     0.019297227
     1.250000000     3.779016167    -2.879960533     0.020129501
     1.260000000     3.021947003    -2.640277088     0.021250113
     1.270000000     2.430441636    -2.414923402     0.022583925
     1.280000000     1.991576380    -2.214104154     0.024048292
     1.290000000     1.682500009    -2.035421689     0.025564815
     1.300000000     1.475559479    -1.871785741     0.027066648
     1.310000000     1.342573500    -1.721009662     0.028501290
     1.320000000     1.257877233    -1.588645411     0.029830361
     1.330000000     1.200117298    -1.481245871     0.031028362
     1.340000000     1.153007893    -1.398237513     0.032081770
     1.350000000     1.105344604    -1.332002642     0.032988589
     1.360000000     1.050546214    -1.274360946     0.033757469
     1.370000000     0.985918506    -1.218495589     0.034405353
     1.380000000     0.911764282    -1.156649697     0.034953464
     1.390000000     0.830429724    -1.082694316     0.035422758
     1.400000000     0.745376093    -0.996783250     0.035830947
     1.410000000     0.660374416    -0.904412431     0.036193091
     1.420000000     0.578914104    -0.811697195     0.036526433
     1.430000000     0.503881935    -0.721832075     0.036858045
     1.440000000     0.437510854    -0.634707454     0.037231943
     1.450000000     0.381536631    -0.548758303     0.037711624
     1.460000000     0.337455031    -0.462304442     0.038375029
     1.470000000     0.306756082    -0.373954110     0.039301532
     1.480000000     0.291027635    -0.283341794     0.040553844
     1.490000000     0.291861024    -0.191554165     0.042160268
     1.500000000     0.310546627    -0.100584121     0.044103533
     1.510000000     0.347606401    -0.012551967     0.046320823
     1.520000000     0.402265030     0.070723473     0.048716168
     1.530000000     0.472001314     0.147626244     0.051182188
     1.540000000     0.552334872     0.215841926     0.053624883
     1.550000000     0.636977778     0.270957142     0.055983970
     1.560000000     0.718410655     0.305750038     0.058242685
     1.570000000     0.788836565     0.311627359     0.060424426
     1.580000000     0.841350018     0.284047879     0.062577923
     1.590000000     0.871070913     0.230778279     0.064756201
     1.600000000     0.875970695     0.173384589     0.066996254
     1.610000000     0.857177591     0.134501556     0.069305680
     1.620000000     0.818677200     0.123539881     0.071659860
     1.630000000     0.766483383     0.136382424     0.074009686
     1.640000000     0.707489824     0.164260813     0.076296605
     1.650000000     0.648280643     0.200366230     0.078469819
     1.660000000     0.594161535     0.240862549     0.080500313
     1.670000000     0.548584523     0.282901956     0.082387883
     1.680000000     0.513016507     0.323122130     0.084159744
     1.690000000     0.487187125     0.358502873     0.085861906
     1.700000000     0.469577661     0.388593768     0.087546504
     1.710000000     0.457992355     0.415906296     0.089259215
     1.720000000     0.450079116     0.443120844     0.091030606
     1.730000000     0.443718352     0.470570495     0.092873971
     1.740000000     0.437254134     0.496997684     0.094790135
     1.750000000     0.429584514     0.521702462     0.096777558
     1.760000000     0.420150447     0.545583371     0.098844290
     1.770000000     0.408866614     0.570609042     0.101017549
     1.780000000     0.396029091     0.598205260     0.103347198
     1.790000000     0.382221355     0.628285474     0.105901114
     1.800000000     0.368227399     0.660111619     0.108752895
     1.810000000     0.354951789     0.693504252     0.111964789
     1.820000000     0.343342505     0.728781653     0.115570324
     1.830000000     0.334313549     0.766130005     0.119561418
     1.840000000     0.328669554     0.805580572     0.123883607
     1.850000000     0.327041885     0.847315730     0.128440999
     1.860000000     0.329851396     0.891429835     0.133110193
     1.870000000     0.337313024     0.937203120     0.137760420
     1.880000000     0.349489083     0.982758206     0.142275921
     1.890000000     0.366382451     1.025694152     0.146576231
     1.900000000     0.388043413     1.064702230     0.150630487
     1.910000000     0.414652965     1.100989516     0.154462947
     1.920000000     0.446548563     1.137759508     0.158148524
     1.930000000     0.484177731     1.177929113     0.161799089
     1.940000000     0.527995083     1.222169542     0.165543302
     1.950000000     0.578347147     1.268497381     0.169504280
     1.960000000     0.635403445     1.313097114     0.173780071
     1.970000000     0.699183196     1.351936102     0.178431157
     1.980000000     0.769696191     1.382729249     0.183477260
     1.990000000     0.847175069     1.405904065     0.188902907
     2.000000000     0.932340542     1.423646715     0.194668636
     2.010000000     1.026623822     1.438516920     0.200723034
     2.020000000     1.132275169     1.453329454     0.207010895
     2.030000000     1.252306383     1.470538345     0.213474491
     2.040000000     1.390235753     1.489384609     0.220047878
     2.050000000     1.549617649     1.504427169     0.226647279
     2.060000000     1.733349226     1.508363310     0.233162781
     2.070000000     1.942769137     1.495925106     0.239457100
     2.080000000     2.176615588     1.465818311     0.245375556
     2.090000000     2.429997616     1.420497101     0.250768130
     2.100000000     2.693631740     1.362117490     0.255520391
     2.110000000     2.953657925     1.285988022     0.259586594
     2.120000000     3.192319076     1.176866777     0.263016386
     2.130000000     3.389635420     1.010478993     0.265967207
     2.140000000     3.525947503     0.764789600     0.268697298
     2.150000000     3.584913339     0.442082356     0.271538625
     2.160000000     3.556332812     0.082134069     0.274853486
     2.170000000     3.438129629    -0.256480523     0.278982061
     2.180000000     3.236984668    -0.531433128     0.284189805
     2.190000000     2.967442086    -0.730385813     0.290623393
     2.200000000     2.649694573    -0.859138689     0.298282279
     2.210000000     2.306569247    -0.928313734     0.307010442
     2.220000000     1.960384796    -0.949302300     0.316510102
     2.230000000     1.630303648    -0.933839247     0.326376308
     2.240000000     1.330600031    -0.893215038     0.336148391
     2.250000000     1.069990717    -0.837429859     0.345371537
     2.260000000     0.851921166    -0.774408554     0.353659555
     2.270000000     0.675530335    -0.709407052     0.360748866
     2.280000000     0.536955461    -0.645191177     0.366534418
     2.290000000     0.430668866    -0.582963000     0.371080918
     2.300000000     0.350625991    -0.523264965     0.374607006
     2.310000000     0.291108029    -0.466289931     0.377445099
     2.320000000     0.247233752    -0.411898440     0.379984326
     2.330000000     0.215178357    -0.359711093     0.382607188
     2.340000000     0.192169829    -0.309252590     0.385631667
     2.350000000     0.176341454    -0.260233019     0.389269115
     2.360000000     0.166511418    -0.212771359     0.393604847
     2.370000000     0.161945213    -0.167210771     0.398603511
     2.380000000     0.162139704    -0.123830251     0.404136180
     2.390000000     0.166652320    -0.082880559     0.410021664
     2.400000000     0.174986087    -0.044785945     0.416071989
     2.410000000     0.186531003    -0.010148385     0.422131751
     2.420000000     0.200554403     0.020497349     0.428103317
     2.430000000     0.216227467     0.046916413     0.433953876
     2.440000000     0.232672376     0.069172525     0.439705039
     2.450000000     0.249015167     0.087619358     0.445409865
     2.460000000     0.264432902     0.103015781     0.451124777
     2.470000000     0.278189357     0.116251877     0.456884580
     2.480000000     0.289659101     0.127686224     0.462687465
     2.490000000     0.298343731     0.136991513     0.468494149
     2.500000000     0.303884870     0.143834241     0.474241470
     2.510000000     0.306076496     0.148572150     0.479866794
     2.520000000     0.304875552     0.152194571     0.485336188
     2.530000000     0.300406651     0.155796734     0.490667610
     2.540000000     0.292955676     0.160140486     0.495940971
     2.550000000     0.282948698     0.165457862     0.501290169
     2.560000000     0.270916310     0.171699595     0.506877289
     2.570000000     0.257447608     0.179034569     0.512854670
     2.580000000     0.243141111     0.187791359     0.519324656
     2.590000000     0.228560881     0.197954523     0.526308089
     2.600000000     0.214204799     0.209129588     0.533730544
     2.610000000     0.200488967     0.220949959     0.541430653
     2.620000000     0.187748445     0.233299135     0.549189101
     2.630000000     0.176251059     0.246210757     0.556771897
     2.640000000     0.166218430     0.259650621     0.563978492
     2.650000000     0.157847185     0.273460584     0.570684782
     2.660000000     0.151323510     0.287524586     0.576872649
     2.670000000     0.146825823     0.301855930     0.582640557
     2.680000000     0.144513040     0.316453748     0.588193106
     2.690000000     0.144499393     0.331155901     0.593810717
     2.700000000     0.146820470     0.345686653     0.599803660
     2.710000000     0.151398311     0.359757737     0.606457318
     2.720000000     0.158015167     0.373059478     0.613977743
     2.730000000     0.166305036     0.385219599     0.622447782
     2.740000000     0.175769039     0.395756768     0.631803495
     2.750000000     0.185815406     0.404060916     0.641837809
     2.760000000     0.195818731     0.409685188     0.652233224
     2.770000000     0.205187813     0.412866128     0.662618828
     2.780000000     0.213428900     0.414546923     0.672640449
     2.790000000     0.220192154     0.415708276     0.682028527
     2.800000000     0.225293711     0.416823421     0.690647769
     2.810000000     0.228712022     0.417923365     0.698516475
     2.820000000     0.230563377     0.418949573     0.705790690
     2.830000000     0.231065412     0.419992907     0.712717055
     2.840000000     0.230498142     0.421268454     0.719565803
     2.850000000     0.229169698     0.422873302     0.726559599
     2.860000000     0.227389858     0.424629622     0.733813844
     2.870000000     0.225450373     0.426319760     0.741300088
     2.880000000     0.223608653     0.428021475     0.748837886
     2.890000000     0.222071367     0.430035829     0.756114033
     2.900000000     0.220976704     0.432499070     0.762723097
     2.910000000     0.220377280     0.435242076     0.768220629
     2.920000000     0.220228261     0.437971128     0.772179911
     2.930000000     0.220385897     0.440313115     0.774244102
     2.940000000     0.220619792     0.441752280     0.774167218
     2.950000000     0.220638565     0.441831847     0.771839278
     2.960000000     0.220124718     0.440563587     0.767293204
     2.970000000     0.218772086     0.438604767     0.760693840
     2.980000000     0.216319400     0.436825697     0.752312588
     2.990000000     0.212575772     0.435617862     0.742494058
     3.000000000     0.207437165     0.434755113     0.731622533
     3.010000000     0.200895289     0.433832718     0.720095311
     3.020000000     0.193040880     0.432720092     0.708306592
     3.030000000     0.184061932     0.431754463     0.696640713
     3.040000000     0.174235387     0.431556099     0.685468821
     3.050000000     0.163909669     0.432594442     0.675140817
     3.060000000     0.153476281     0.435005986     0.665965948
     3.070000000     0.143331545     0.438753334     0.658180798
     3.080000000     0.133833228     0.443708164     0.651910746
     3.090000000     0.125259702     0.449565169     0.647137153
     3.100000000     0.117780002     0.455835050     0.643684559
     3.110000000     0.111441256     0.462001306     0.641238309
     3.120000000     0.106176101     0.467721278     0.639394200
     3.130000000     0.101828140     0.472928976     0.637730803
     3.140000000     0.098189664     0.477771274     0.635886527
     3.150000000     0.095043758     0.482411441     0.633620690
     3.160000000     0.092202681     0.486888516     0.630842320
     3.170000000     0.089535860     0.491165388     0.627600631
     3.180000000     0.086983233     0.495266310     0.624043310
     3.190000000     0.084552561     0.499350659     0.620358420
     3.200000000     0.082302258     0.503651175     0.616719342
     3.210000000     0.080313943     0.508327775     0.613248770
     3.220000000     0.078660990     0.513360201     0.610008977
     3.230000000     0.077380277     0.518543920     0.607015034
     3.240000000     0.076453685     0.523567570     0.604259644
     3.250000000     0.075803592     0.528102268     0.601735625
     3.260000000     0.075303011     0.531891036     0.599445660
     3.270000000     0.074797217     0.534859860     0.597396755
     3.280000000     0.074130852     0.537190991     0.595585269
     3.290000000     0.073173624     0.539288827     0.593983591
     3.300000000     0.071838941     0.541593382     0.592539062
     3.310000000     0.070092617     0.544288409     0.591189685
     3.320000000     0.067951909     0.547196475     0.589892363
     3.330000000     0.065477390     0.550021328     0.588651640
     3.340000000     0.062760989     0.552677626     0.587534223
     3.350000000     0.059912910     0.555369435     0.586658180
     3.360000000     0.057048898     0.558366733     0.586154846
     3.370000000     0.054278195     0.561757218     0.586112267
     3.380000000     0.051692207     0.565421210     0.586517431
     3.390000000     0.049354273     0.569184616     0.587216907
     3.400000000     0.047291703     0.572941369     0.587910920
     3.410000000     0.045491776     0.576639403     0.588185843
     3.420000000     0.043903279     0.580221456     0.587578179
     3.430000000     0.042444305     0.583611828     0.585653533
     3.440000000     0.041015654     0.586730112     0.582080066
     3.450000000     0.039517747     0.589526548     0.576678489
     3.460000000     0.037867976     0.592052940     0.569438711
     3.470000000     0.036015114     0.594493748     0.560503585
     3.480000000     0.033948008     0.597063391     0.550129261
     3.490000000     0.031696994     0.599873536     0.538636481
     3.500000000     0.029328066     0.602936527     0.526366552
     3.510000000     0.026931266     0.606240773     0.513650637
     3.520000000     0.024605788     0.609764509     0.500793843
     3.530000000     0.022444636     0.613454577     0.488069441
     3.540000000     0.020521493     0.617242647     0.475715691
     3.550000000     0.018881740     0.621075334     0.463928850
     3.560000000     0.017538690     0.624910499     0.452850104
     3.570000000     0.016475179     0.628689290     0.442548930
     3.580000000     0.015649753     0.632329578     0.433008688
     3.590000000     0.015005995     0.635758458     0.424120605
     3.600000000     0.014483061     0.638953087     0.415689928
     3.610000000     0.014025357     0.641958298     0.407454434
     3.620000000     0.013589592     0.644871921     0.399112377
     3.630000000     0.013148195     0.647798909     0.390355639
     3.640000000     0.012689043     0.650796231     0.380904362
     3.650000000     0.012212483     0.653848023     0.370540530
     3.660000000     0.011727231     0.656892214     0.359138716
     3.670000000     0.011246867     0.659872084     0.346691616
     3.680000000     0.010788061     0.662766065     0.333326435
     3.690000000     0.010370759     0.665579760     0.319306885
     3.700000000     0.010019481     0.668329830     0.305015813
     3.710000000     0.009764172     0.671047994     0.290916096
     3.720000000     0.009638924     0.673780209     0.277492076
     3.730000000     0.009677456     0.676559961     0.265179113
     3.740000000     0.009905359     0.679386062     0.254293197
     3.750000000     0.010330494     0.682225475     0.244974396
     3.760000000     0.010934063     0.685022693     0.237156518
     3.770000000     0.011665354     0.687700044     0.230570820
     3.780000000     0.012442711     0.690154939     0.224784830
     3.790000000     0.013161883     0.692265480     0.219269850
     3.800000000     0.013710901     0.693921927     0.213484354
     3.810000000     0.013988600     0.695103659     0.206956965
     3.820000000     0.013922575     0.695963426     0.199353141
     3.830000000     0.013482206     0.696807271     0.190514169
     3.840000000     0.012683546     0.697928526     0.180464229
     3.850000000     0.011585080     0.699448270     0.169389033
     3.860000000     0.010275749     0.701316332     0.157595375
     3.870000000     0.008858542     0.703414262     0.145463074
     3.880000000     0.007433763     0.705635081     0.133399184
     3.890000000     0.006085555     0.707910390     0.121799901
     3.900000000     0.004873897     0.710207119     0.111020774
     3.910000000     0.003832480     0.712510987     0.101352534
     3.920000000     0.002971402     0.714812191     0.092999442
     3.930000000     0.002282790     0.717101045     0.086059333
     3.940000000     0.001747338     0.719368457     0.080508086
     3.950000000     0.001340243     0.721605722     0.076194122
     3.960000000     0.001035718     0.723804339     0.072849009
     3.970000000     0.000809878     0.725957665     0.070117628
     3.980000000     0.000642255     0.728063377     0.067606306
     3.990000000     0.000516327     0.730124331     0.064941523
     4.000000000     0.000419460     0.732146360     0.061827495
     4.010000000     0.000342515     0.734134914     0.058089859
     4.020000000     0.000279301     0.736093453     0.053695502
     4.030000000     0.000225944     0.738023512     0.048744493
     4.040000000     0.000180255     0.739925333     0.043437311
     4.050000000     0.000141129     0.741798709     0.038026689
     4.060000000     0.000108043     0.743643538     0.032766600
     4.070000000     0.000080682     0.745459988     0.027870316
     4.080000000     0.000058706     0.747248481     0.023485556
     4.090000000     0.000041640     0.749009654     0.019688998
     4.100000000     0.000028876     0.750744291     0.016496849
     4.110000000     0.000019716     0.752453255     0.013884390
     4.120000000     0.000013448     0.754137419     0.011806420
     4.130000000     0.000009403     0.755797614     0.010212154
     4.140000000     0.000007000     0.757434619     0.009051482
     4.150000000     0.000005760     0.759049156     0.008273278
     4.160000000     0.000005300     0.760641895     0.007819253
     4.170000000     0.000005323     0.762213449     0.007618050
     4.180000000     0.000005596     0.763764373     0.007583606
     4.190000000     0.000005941     0.765295172     0.007619746
     4.200000000     0.000006224     0.766806335     0.007630465
     4.210000000     0.000006353     0.768298407     0.007533132
     4.220000000     0.000006275     0.769772037     0.007270790
     4.230000000     0.000005978     0.771227905     0.006819974
     4.240000000     0.000005483     0.772666586     0.006191897
     4.250000000     0.000004837     0.774088504     0.005426859
     4.260000000     0.000004103     0.775493989     0.004583627
     4.270000000     0.000003345     0.776883346     0.003726723
     4.280000000     0.000002621     0.778256876     0.002914726
     4.290000000     0.000001973     0.779614890     0.002191938
     4.300000000     0.000001427     0.780957697     0.001584516
     4.310000000     0.000000992     0.782285603     0.001100843
     4.320000000     0.000000662     0.783598906     0.000734964
     4.330000000     0.000000425     0.784897898     0.000471507
     4.340000000     0.000000262     0.786182858     0.000290651
     4.350000000     0.000000155     0.787454058     0.000172149
     4.360000000     0.000000088     0.788711761     0.000097967
     4.370000000     0.000000048     0.789956219     0.000053566
     4.380000000     0.000000025     0.791187678     0.000028141
     4.390000000     0.000000013     0.792406373     0.000014204
     4.400000000     0.000000006     0.793612535     0.000006888
     4.410000000     0.000000003     0.794806383     0.000003210
     4.420000000     0.000000001     0.795988134     0.000001437
     4.430000000     0.000000001     0.797157996     0.000000618
     4.440000000     0.000000000     0.798316169     0.000000255
     4.450000000     0.000000000     0.799462852     0.000000101
     4.460000000     0.000000000     0.800598233     0.000000039
     4.470000000     0.000000000     0.801722498     0.000000014
     4.480000000     0.000000000     0.802835827     0.000000005
     4.490000000     0.000000000     0.803938395     0.000000002
     4.500000000     0.000000000     0.805030373     0.000000001
     4.510000000     0.000000000     0.806111926     0.000000000
     4.520000000     0.000000000     0.807183216     0.000000000
     4.530000000     0.000000000     0.808244401     0.000000000
     4.540000000     0.000000000     0.809295634     0.000000000
     4.550000000     0.000000000     0.810337065     0.000000000
     4.560000000     0.000000000     0.811368841     0.000000000
     4.570000000     0.000000000     0.812391104     0.000000000
     4.580000000     0.000000000     0.813403993     0.000000000
     4.590000000     0.000000000     0.814407645     0.000000000
     4.600000000     0.000000000     0.815402193     0.000000000
     4.610000000     0.000000000     0.816387766     0.000000000
     4.620000000     0.000000000     0.817364493     0.000000000
     4.630000000     0.000000000     0.818332497     0.000000000
     4.640000000     0.000000000     0.819291899     0.000000000
     4.650000000     0.000000000     0.820242820     0.000000000
     4.660000000     0.000000000     0.821185374     0.000000000
     4.670000000     0.000000000     0.822119678     0.000000000
     4.680000000     0.000000000     0.823045841     0.000000000
     4.690000000     0.000000000     0.823963973     0.000000000
     4.700000000     0.000000000     0.824874182     0.000000000
     4.710000000     0.000000000     0.825776573     0.000000000
     4.720000000     0.000000000     0.826671248     0.000000000
     4.730000000     0.000000000     0.827558308     0.000000000
     4.740000000     0.000000000     0.828437852     0.000000000
     4.750000000     0.000000000     0.829309978     0.000000000
     4.760000000     0.000000000     0.830174779     0.000000000
     4.770000000     0.000000000     0.831032350     0.000000000
     4.780000000     0.000000000     0.831882782     0.000000000
     4.790000000     0.000000000     0.832726165     0.000000000
     4.800000000     0.000000000     0.833562587     0.000000000
     4.810000000     0.000000000     0.834392135     0.000000000
     4.820000000     0.000000000     0.835214893     0.000000000
     4.830000000     0.000000000     0.836030945     0.000000000
     4.840000000     0.000000000     0.836840373     0.000000000
     4.850000000     0.000000000     0.837643258     0.000000000
     4.860000000     0.000000000     0.838439678     0.000000000
     4.870000000     0.000000000     0.839229711     0.000000000
     4.880000000     0.000000000     0.840013434     0.000000000
     4.890000000     0.000000000     0.840790921     0.000000000
     4.900000000     0.000000000     0.841562247     0.000000000
     4.910000000     0.000000000     0.842327483     0.000000000
     4.920000000     0.000000000     0.843086702     0.000000000
     4.930000000     0.000000000     0.843839973     0.000000000
     4.940000000     0.000000000     0.844587365     0.000000000
     4.950000000     0.000000000     0.845328946     0.000000000
     4.960000000     0.000000000     0.846064783     0.000000000
     4.970000000     0.000000000     0.846794940     0.000000000
     4.980000000     0.000000000     0.847519484     0.000000000
     4.990000000     0.000000000     0.848238476     0.000000000
     5.000000000     0.000000000     0.848951980     0.000000000
