 # Column 1: omega
 # Column 2: eps2(omega)
 # Column 3: eps1(omega)
 # Column 4: JDOS(omega)
     0.000000000     0.000000000     2.986491896     0.000000000
     0.010000000     0.000000000     2.986673804     0.000000000
     0.020000000     0.000000000     2.987219771     0.000000000
     0.030000000     0.000000000     2.988130529     0.000000000
     0.040000000     0.000000000     2.989407298     0.000000000
     0.050000000     0.000000000     2.991051796     0.000000000
     0.060000000     0.000000000     2.993066239     0.000000000
     0.070000000     0.000000000     2.995453354     0.000000000
     0.080000000     0.000000000     2.998216388     0.000000000
     0.090000000     0.000000000     3.001359120     0.000000000
     0.100000000     0.000000000     3.004885873     0.000000000
     0.110000000     0.000000000     3.008801536     0.000000000
     0.120000000     0.000000000     3.013111578     0.000000000
     0.130000000     0.000000000     3.017822071     0.000000000
     0.140000000     0.000000000     3.022939716     0.000000000
     0.150000000     0.000000000     3.028471866     0.000000000
     0.160000000     0.000000000     3.034426560     0.000000000
     0.170000000     0.000000000     3.040812554     0.000000000
     0.180000000     0.000000000     3.047639361     0.000000000
     0.190000000     0.000000000     3.054917287     0.000000000
     0.200000000     0.000000000     3.062657480     0.000000000
     0.210000000     0.000000000     3.070871979     0.000000000
     0.220000000     0.000000000     3.079573770     0.000000000
     0.230000000     0.000000000     3.088776845     0.000000000
     0.240000000     0.000000000     3.098496270     0.000000000
     0.250000000     0.000000000     3.108748261     0.000000000
     0.260000000     0.000000000     3.119550262     0.000000000
     0.270000000     0.000000000     3.130921038     0.000000000
     0.280000000     0.000000000     3.142880775     0.000000000
     0.290000000     0.000000000     3.155451190     0.000000000
     0.300000000     0.000000000     3.168655654     0.000000000
     0.310000000     0.000000000     3.182519330     0.000000000
     0.320000000     0.000000000     3.197069320     0.000000000
     0.330000000     0.000000000     3.212334839     0.000000000
     0.340000000     0.000000000     3.228347400     0.000000000
     0.350000000     0.000000000     3.245141026     0.000000000
     0.360000000     0.000000000     3.262752484     0.000000000
     0.370000000     0.000000000     3.281221551     0.000000000
     0.380000000     0.000000000     3.300591309     0.000000000
     0.390000000     0.000000000     3.320908483     0.000000000
     0.400000000     0.000000000     3.342223812     0.000000000
     0.410000000     0.000000000     3.364592488     0.000000000
     0.420000000     0.000000000     3.388074633     0.000000000
     0.430000000     0.000000000     3.412735856     0.000000000
     0.440000000     0.000000000     3.438647887     0.000000000
     0.450000000     0.000000000     3.465889299     0.000000000
     0.460000000     0.000000000     3.494546343     0.000000000
     0.470000000     0.000000000     3.524713905     0.000000000
     0.480000000     0.000000000     3.556496623     0.000000000
     0.490000000     0.000000000     3.590010172     0.000000000
     0.500000000     0.000000000     3.625382776     0.000000000
     0.510000000     0.000000000     3.662756968     0.000000000
     0.520000000     0.000000000     3.702291670     0.000000000
     0.530000000     0.000000000     3.744164644     0.000000000
     0.540000000     0.000000000     3.788575407     0.000000000
     0.550000000     0.000000000     3.835748712     0.000000000
     0.560000000     0.000000000     3.885938725     0.000000000
     0.570000000     0.000000000     3.939434070     0.000000000
     0.580000000     0.000000000     3.996563960     0.000000000
     0.590000000     0.000000000     4.057705693     0.000000000
     0.600000000     0.000000000     4.123293889     0.000000000
     0.610000000     0.000000000     4.193831945     0.000000000
     0.620000000     0.000000000     4.269906361     0.000000000
     0.630000000     0.000000000     4.352204822     0.000000000
     0.640000000     0.000000000     4.441539186     0.000000000
     0.650000000     0.000000000     4.538875052     0.000000000
     0.660000000     0.000000000     4.645370119     0.000000000
     0.670000000     0.000000000     4.762424558     0.000000000
     0.680000000     0.000000000     4.891747883     0.000000000
     0.690000000     0.000000000     5.035448859     0.000000000
     0.700000000     0.000000002     5.196157922     0.000000000
     0.710000000     0.000000053     5.377196064     0.000000000
     0.720000000     0.000000962     5.582810818     0.000000004
     0.730000000     0.000013545     5.818509734     0.000000056
     0.740000000     0.000149083     6.091535049     0.000000615
     0.750000000     0.001285689     6.411537655     0.000005243
     0.760000000     0.008719918     6.791508451     0.000034894
     0.770000000     0.046773902     7.248943315     0.000181640
     0.780000000     0.200045522     7.806777055     0.000741429
     0.790000000     0.689485192     8.491673645     0.002382953
     0.800000000     1.938620807     9.318970160     0.006067923
     0.810000000     4.495922925    10.220668781     0.012349496
     0.820000000     8.652624356    10.798995672     0.020314807
     0.830000000    13.799696427    10.157575788     0.027342719
     0.840000000    18.087915808     7.786987940     0.030418932
     0.850000000    19.255498967     2.462738638     0.028094243
     0.860000000    16.451659433    -2.983224864     0.021469831
     0.870000000    11.171184406    -4.348007721     0.013447475
     0.880000000     5.985645754    -3.660708552     0.006819855
     0.890000000     2.518447931    -2.620394729     0.002768484
     0.900000000     0.829463732    -1.674373867     0.000891393
     0.910000000     0.213424573    -0.882312411     0.000226194
     0.920000000     0.042852423    -0.221871535     0.000045433
     0.930000000     0.006738095     0.338917583     0.000010707
     0.940000000     0.001029097     0.827300824     0.000026339
     0.950000000     0.001209644     1.264534186     0.000136929
     0.960000000     0.004738837     1.667161235     0.000572260
     0.970000000     0.015414491     2.048405082     0.001863655
     0.980000000     0.039095275     2.418994030     0.004726845
     0.990000000     0.077226138     2.786435987     0.009337277
     1.000000000     0.118818653     3.150040341     0.014367760
     1.010000000     0.142474139     3.499055048     0.017238841
     1.020000000     0.133591004     3.864183248     0.016217096
     1.030000000     0.099977445     4.304802478     0.012323401
     1.040000000     0.067937499     4.825589556     0.008685626
     1.050000000     0.073359318     5.431949579     0.008068413
     1.060000000     0.194018233     6.146205447     0.010995600
     1.070000000     0.673912299     6.996663335     0.015560344
     1.080000000     2.110064822     8.006495938     0.018968420
     1.090000000     5.399335730     9.177490367     0.020035158
     1.100000000    10.953655597    10.259689785     0.020153295
     1.110000000    17.449281778     9.940571015     0.021249135
     1.120000000    21.803467631     5.078988962     0.023403967
     1.130000000    21.467963203    -2.784860178     0.025270823
     1.140000000    16.857396200    -6.124651962     0.025868441
     1.150000000    10.830038005    -6.154392090     0.024980045
     1.160000000     6.001427357    -5.611072270     0.022956190
     1.170000000     3.210117518    -4.754421643     0.021239848
     1.180000000     2.045615945    -3.751831201     0.021906896
     1.190000000     1.820093884    -2.945341328     0.025474613
     1.200000000     1.966193534    -2.527471288     0.029812956
     1.210000000     2.104059445    -2.295645802     0.031996873
     1.220000000     2.085675544    -2.179859887     0.031037266
     1.230000000     1.981520628    -2.003668671     0.028633239
     1.240000000     1.940254133    -1.631559031     0.027411968
     1.250000000     2.021774957    -1.409754728     0.028629004
     1.260000000     2.173252471    -1.457575654     0.031722977
     1.270000000     2.322240214    -1.396079652     0.035455558
     1.280000000     2.403040264    -1.369596539     0.038506686
     1.290000000     2.317642484    -1.550688821     0.039546279
     1.300000000     1.993459209    -1.801272813     0.038098247
     1.310000000     1.507283959    -1.829061699     0.035176904
     1.320000000     1.077956506    -1.586053856     0.032276558
     1.330000000     0.895602731    -1.282488493     0.030050293
     1.340000000     0.961448484    -1.029449045     0.028191173
     1.350000000     1.090299005    -0.977882904     0.025919862
     1.360000000     1.074087232    -1.165373032     0.022761683
     1.370000000     0.858202072    -1.211048237     0.019764347
     1.380000000     0.557637718    -1.054963019     0.019579809
     1.390000000     0.318503317    -0.848463723     0.024413995
     1.400000000     0.203441437    -0.658242276     0.034037430
     1.410000000     0.201296217    -0.490878948     0.045961555
     1.420000000     0.283996322    -0.324692987     0.056869269
     1.430000000     0.417838165    -0.181698184     0.063899235
     1.440000000     0.546315912    -0.124879406     0.065894092
     1.450000000     0.609727865    -0.155813535     0.064220384
     1.460000000     0.598191318    -0.166476718     0.061712752
     1.470000000     0.565395961    -0.097969723     0.060008061
     1.480000000     0.570209036     0.001739311     0.058092195
     1.490000000     0.609254056     0.061448196     0.054008597
     1.500000000     0.622709710     0.029292213     0.047701870
     1.510000000     0.568826216    -0.018246672     0.041511991
     1.520000000     0.478495371     0.041677645     0.038218959
     1.530000000     0.429073804     0.144913188     0.039419098
     1.540000000     0.472891975     0.254806671     0.045335057
     1.550000000     0.591958560     0.333032037     0.054788604
     1.560000000     0.713580539     0.310095924     0.065454375
     1.570000000     0.771691559     0.211350266     0.075757843
     1.580000000     0.754636937     0.181407483     0.086541829
     1.590000000     0.691013702     0.187609618     0.099292253
     1.600000000     0.606608506     0.163885683     0.112818927
     1.610000000     0.513733153     0.157631728     0.123016583
     1.620000000     0.424201113     0.202695381     0.125872739
     1.630000000     0.346343213     0.257574342     0.120405718
     1.640000000     0.276148889     0.290038560     0.109424241
     1.650000000     0.207758915     0.342545678     0.097613957
     1.660000000     0.149526246     0.419299188     0.088324706
     1.670000000     0.123311465     0.511783581     0.082574206
     1.680000000     0.150479625     0.611246695     0.081211898
     1.690000000     0.236269757     0.705067931     0.086042468
     1.700000000     0.359893295     0.763751964     0.097374245
     1.710000000     0.480917127     0.759607966     0.111997091
     1.720000000     0.562817617     0.718622771     0.125447787
     1.730000000     0.590793702     0.689012187     0.135617309
     1.740000000     0.566717514     0.669033081     0.142760968
     1.750000000     0.499410917     0.630608765     0.146656928
     1.760000000     0.410080082     0.630415776     0.145752437
     1.770000000     0.335966142     0.680063708     0.139818530
     1.780000000     0.310306103     0.751574505     0.132067752
     1.790000000     0.333753377     0.813200337     0.127031210
     1.800000000     0.370804480     0.830005593     0.126658125
     1.810000000     0.379953377     0.805856784     0.129455493
     1.820000000     0.348329540     0.804722676     0.132432538
     1.830000000     0.294856981     0.841029306     0.132832545
     1.840000000     0.243775562     0.887903598     0.129572798
     1.850000000     0.203693467     0.932303553     0.124733336
     1.860000000     0.171561887     0.979609653     0.122961772
     1.870000000     0.146785086     1.035980198     0.128296963
     1.880000000     0.135337985     1.104969944     0.141511066
     1.890000000     0.141909795     1.175980346     0.159860768
     1.900000000     0.161296123     1.241284059     0.178078525
     1.910000000     0.179656251     1.292443754     0.190456542
     1.920000000     0.186505903     1.333737566     0.194518686
     1.930000000     0.185556597     1.391772420     0.192939755
     1.940000000     0.190569958     1.471075588     0.190199893
     1.950000000     0.210195746     1.550716434     0.187694526
     1.960000000     0.241157467     1.614939844     0.184042137
     1.970000000     0.275842111     1.678100550     0.179843596
     1.980000000     0.308463800     1.754532584     0.179746965
     1.990000000     0.331180387     1.826511913     0.188776319
     2.000000000     0.333395932     1.886234934     0.206963250
     2.010000000     0.311737750     1.967426997     0.227519689
     2.020000000     0.276842494     2.090736632     0.240890932
     2.030000000     0.248985782     2.239871960     0.242285997
     2.040000000     0.254402139     2.419354772     0.235581818
     2.050000000     0.327023865     2.640167276     0.229261705
     2.060000000     0.501393130     2.895301411     0.229142631
     2.070000000     0.791221887     3.147026506     0.235196963
     2.080000000     1.178045104     3.352425072     0.243729699
     2.090000000     1.647012610     3.499232358     0.251595168
     2.100000000     2.266742437     3.582173636     0.258925369
     2.110000000     3.221409785     3.745293251     0.267887367
     2.120000000     4.673662562     3.884003032     0.278409753
     2.130000000     6.493657937     3.646345043     0.286454150
     2.140000000     8.130762114     2.677027629     0.288343287
     2.150000000     8.889736502     0.863277885     0.286060039
     2.160000000     8.449408134    -0.952611081     0.286254854
     2.170000000     7.091870478    -1.947890609     0.294025869
     2.180000000     5.405472740    -2.410547174     0.308866652
     2.190000000     3.849559526    -2.645550897     0.326506931
     2.200000000     2.611538328    -2.589883773     0.343139044
     2.210000000     1.712390273    -2.376020500     0.356855961
     2.220000000     1.116483127    -2.110398500     0.366185260
     2.230000000     0.771116683    -1.809634772     0.369718057
     2.240000000     0.618073206    -1.530461313     0.367872379
     2.250000000     0.601088074    -1.302537820     0.363452408
     2.260000000     0.668879851    -1.128154824     0.359589285
     2.270000000     0.770042056    -1.003519571     0.357556608
     2.280000000     0.847117136    -0.958407556     0.356060514
     2.290000000     0.848621957    -0.977584103     0.351691579
     2.300000000     0.757795580    -0.999116340     0.341228716
     2.310000000     0.606357974    -0.968046963     0.325733969
     2.320000000     0.452615933    -0.886719252     0.312541495
     2.330000000     0.343505684    -0.781045479     0.311229078
     2.340000000     0.293255776    -0.679689828     0.326229564
     2.350000000     0.287510980    -0.597141024     0.353949447
     2.360000000     0.299517461    -0.532969298     0.387225030
     2.370000000     0.305599616    -0.496863406     0.420350607
     2.380000000     0.294808786    -0.464319003     0.448817032
     2.390000000     0.269391160    -0.423131344     0.467549894
     2.400000000     0.237372734    -0.385009880     0.472816388
     2.410000000     0.205410139    -0.342404562     0.465210204
     2.420000000     0.177307744    -0.295867548     0.449521213
     2.430000000     0.156441038    -0.254234721     0.433011489
     2.440000000     0.147359803    -0.205613883     0.424296860
     2.450000000     0.152457732    -0.156143801     0.430911303
     2.460000000     0.166037717    -0.118894430     0.454450106
     2.470000000     0.174701070    -0.100307977     0.487242825
     2.480000000     0.166900628    -0.089004231     0.515613518
     2.490000000     0.142265142    -0.070256395     0.528602221
     2.500000000     0.111121072    -0.038456027     0.524267701
     2.510000000     0.086108140     0.001258693     0.508587521
     2.520000000     0.074688314     0.043014453     0.490757774
     2.530000000     0.077273969     0.083378461     0.479913730
     2.540000000     0.089491518     0.117897255     0.482682896
     2.550000000     0.105687226     0.144703287     0.500199717
     2.560000000     0.121634718     0.168723163     0.527363309
     2.570000000     0.135325319     0.189323667     0.556526929
     2.580000000     0.146344329     0.205507840     0.582084279
     2.590000000     0.154896868     0.222951842     0.601235705
     2.600000000     0.161063845     0.238306213     0.612014341
     2.610000000     0.165207083     0.250240667     0.613232620
     2.620000000     0.169140377     0.264867826     0.606828969
     2.630000000     0.175385173     0.283169461     0.598201597
     2.640000000     0.184346561     0.297736882     0.592768132
     2.650000000     0.193555050     0.307634331     0.592564138
     2.660000000     0.201185079     0.316165317     0.595825665
     2.670000000     0.210255550     0.324386702     0.598470917
     2.680000000     0.227837912     0.340206606     0.596666358
     2.690000000     0.257727087     0.352781556     0.590382276
     2.700000000     0.292479790     0.352360145     0.584967899
     2.710000000     0.314190804     0.332807455     0.587351625
     2.720000000     0.306865096     0.298200312     0.599270247
     2.730000000     0.270537186     0.277543991     0.614722839
     2.740000000     0.222643948     0.283914554     0.625134649
     2.750000000     0.184850630     0.306554701     0.627711486
     2.760000000     0.169025681     0.331561957     0.628820025
     2.770000000     0.173849593     0.353176158     0.637828622
     2.780000000     0.189895986     0.366355289     0.656755082
     2.790000000     0.205714830     0.371867708     0.677743549
     2.800000000     0.212510422     0.370441558     0.691366066
     2.810000000     0.208496218     0.366431690     0.694916945
     2.820000000     0.200523028     0.371347600     0.692157842
     2.830000000     0.198262538     0.388298087     0.687913079
     2.840000000     0.204149634     0.401474591     0.684336938
     2.850000000     0.211078062     0.398566876     0.680868282
     2.860000000     0.211840621     0.391259036     0.675688206
     2.870000000     0.207375617     0.395742570     0.666912384
     2.880000000     0.202307649     0.407437202     0.654551992
     2.890000000     0.196108292     0.410710174     0.642577015
     2.900000000     0.184702891     0.405313795     0.636703430
     2.910000000     0.169644509     0.413579168     0.638064698
     2.920000000     0.159739865     0.434931268     0.640298786
     2.930000000     0.162472911     0.455675836     0.634824795
     2.940000000     0.177335209     0.471769387     0.620081397
     2.950000000     0.198918181     0.480026907     0.605769925
     2.960000000     0.224843218     0.481630006     0.606200168
     2.970000000     0.258288787     0.489049388     0.627210504
     2.980000000     0.301116072     0.492936713     0.659590591
     2.990000000     0.346004868     0.475967892     0.685914056
     3.000000000     0.378691552     0.440523864     0.692833866
     3.010000000     0.388347956     0.399720118     0.677109319
     3.020000000     0.374234572     0.364259513     0.644251277
     3.030000000     0.343258310     0.335964911     0.605491580
     3.040000000     0.303410771     0.315568075     0.574426984
     3.050000000     0.259434111     0.304256055     0.561875172
     3.060000000     0.213059585     0.294068246     0.571230766
     3.070000000     0.166162756     0.293159671     0.597898820
     3.080000000     0.122529307     0.303281144     0.632464899
     3.090000000     0.086126823     0.318987039     0.664330885
     3.100000000     0.058841229     0.336990281     0.684039298
     3.110000000     0.040550517     0.357105358     0.686082178
     3.120000000     0.030324088     0.377931160     0.673294299
     3.130000000     0.026803265     0.397450541     0.657821354
     3.140000000     0.028108733     0.414511240     0.653414853
     3.150000000     0.032312149     0.428673845     0.664310999
     3.160000000     0.038186033     0.440220102     0.682500591
     3.170000000     0.045082899     0.451099960     0.696444191
     3.180000000     0.051896140     0.459072985     0.701034074
     3.190000000     0.056666611     0.462297682     0.698352895
     3.200000000     0.057625436     0.464892807     0.691146791
     3.210000000     0.054391618     0.467764359     0.678774354
     3.220000000     0.048191751     0.471012932     0.659473265
     3.230000000     0.041328794     0.477001338     0.634180173
     3.240000000     0.036196490     0.485013891     0.608332424
     3.250000000     0.034071828     0.493146798     0.592102827
     3.260000000     0.034461472     0.500302308     0.597161786
     3.270000000     0.035565179     0.505250974     0.628446403
     3.280000000     0.035475904     0.508956664     0.676934821
     3.290000000     0.033244563     0.512366525     0.721406838
     3.300000000     0.029212263     0.516462463     0.739909367
     3.310000000     0.024567809     0.521891550     0.724019315
     3.320000000     0.020491255     0.528331949     0.685513559
     3.330000000     0.017460058     0.535017501     0.648575891
     3.340000000     0.015228588     0.541188855     0.632673182
     3.350000000     0.013440084     0.547288504     0.640570511
     3.360000000     0.012210946     0.553890498     0.660587557
     3.370000000     0.012111902     0.560812698     0.678757130
     3.380000000     0.013638751     0.567602479     0.688905116
     3.390000000     0.016678932     0.573640616     0.692249994
     3.400000000     0.020382978     0.578130003     0.690500423
     3.410000000     0.023541723     0.581142905     0.683428797
     3.420000000     0.025207408     0.583138823     0.671640555
     3.430000000     0.025095523     0.585282309     0.655524165
     3.440000000     0.023541484     0.587539348     0.631558674
     3.450000000     0.021183216     0.590423869     0.596415978
     3.460000000     0.018608034     0.594015427     0.556053732
     3.470000000     0.016103944     0.597878410     0.524902971
     3.480000000     0.013674092     0.601902980     0.513080955
     3.490000000     0.011364461     0.606207524     0.516489433
     3.500000000     0.009661267     0.611162240     0.520402219
     3.510000000     0.009597589     0.616887408     0.511734905
     3.520000000     0.012318659     0.622775169     0.488804237
     3.530000000     0.018026666     0.628059235     0.461707959
     3.540000000     0.024849387     0.631385964     0.443608341
     3.550000000     0.029166983     0.629741200     0.439244291
     3.560000000     0.028166586     0.625184727     0.440123565
     3.570000000     0.022347899     0.625120214     0.432051471
     3.580000000     0.014952694     0.628753947     0.409005150
     3.590000000     0.009059258     0.633691166     0.378918029
     3.600000000     0.005731499     0.638901174     0.355150326
     3.610000000     0.004498309     0.643826869     0.344345758
     3.620000000     0.004659508     0.648537847     0.343735304
     3.630000000     0.005894235     0.653274715     0.347023351
     3.640000000     0.008011415     0.657702412     0.349834394
     3.650000000     0.010517551     0.660988442     0.350727203
     3.660000000     0.012574772     0.663382992     0.348793372
     3.670000000     0.013377830     0.665347819     0.340260933
     3.680000000     0.012713431     0.666856311     0.319275333
     3.690000000     0.011424004     0.669503850     0.284926543
     3.700000000     0.011315137     0.673562467     0.246225166
     3.710000000     0.014091151     0.678217857     0.217100050
     3.720000000     0.019660294     0.682490929     0.206636649
     3.730000000     0.025414222     0.683286227     0.214104036
     3.740000000     0.028126675     0.678746921     0.230107005
     3.750000000     0.027142611     0.676351754     0.240902625
     3.760000000     0.024877497     0.678483448     0.235346506
     3.770000000     0.023643349     0.681096603     0.212291031
     3.780000000     0.022966041     0.681027636     0.181004964
     3.790000000     0.020742584     0.678673517     0.152015561
     3.800000000     0.016179327     0.678575411     0.128827244
     3.810000000     0.010660875     0.681021324     0.110118270
     3.820000000     0.006147930     0.684653246     0.096403738
     3.830000000     0.003536517     0.688521090     0.090513212
     3.840000000     0.002462990     0.692028605     0.093005609
     3.850000000     0.002058681     0.694899966     0.100428809
     3.860000000     0.001685536     0.697539916     0.107617949
     3.870000000     0.001186829     0.700345394     0.109640762
     3.880000000     0.000699087     0.703182623     0.102972458
     3.890000000     0.000359686     0.705945783     0.088002048
     3.900000000     0.000184849     0.708607089     0.070297060
     3.910000000     0.000115357     0.711156284     0.057389741
     3.920000000     0.000090982     0.713606839     0.053832784
     3.930000000     0.000079808     0.715987336     0.058752801
     3.940000000     0.000071601     0.718299053     0.066685880
     3.950000000     0.000064526     0.720544429     0.071332047
     3.960000000     0.000059449     0.722737527     0.070455028
     3.970000000     0.000058006     0.724885722     0.067014582
     3.980000000     0.000058971     0.726986574     0.064324178
     3.990000000     0.000057016     0.729035163     0.061089034
     4.000000000     0.000047840     0.731044049     0.053165353
     4.010000000     0.000033779     0.733027701     0.039536767
     4.020000000     0.000023609     0.734984620     0.024246627
     4.030000000     0.000030589     0.736912918     0.012511982
     4.040000000     0.000073711     0.738813526     0.006847858
     4.050000000     0.000173006     0.740686243     0.006866780
     4.060000000     0.000325523     0.742520513     0.010624426
     4.070000000     0.000478582     0.744269504     0.015180254
     4.080000000     0.000548174     0.745860994     0.017321430
     4.090000000     0.000489018     0.747416870     0.015444373
     4.100000000     0.000339750     0.749079323     0.010729681
     4.110000000     0.000183832     0.750781906     0.005808076
     4.120000000     0.000077467     0.752472626     0.002465488
     4.130000000     0.000025430     0.754138429     0.000909673
     4.140000000     0.000006527     0.755778055     0.000669802
     4.150000000     0.000001394     0.757392712     0.001614573
     4.160000000     0.000000465     0.758983870     0.004157822
     4.170000000     0.000000568     0.760552816     0.008529894
     4.180000000     0.000000872     0.762100570     0.013646903
     4.190000000     0.000001083     0.763627883     0.017005344
     4.200000000     0.000001051     0.765135594     0.016503085
     4.210000000     0.000000795     0.766624763     0.012473012
     4.220000000     0.000000468     0.768095939     0.007341824
     4.230000000     0.000000214     0.769549514     0.003365604
     4.240000000     0.000000077     0.770985923     0.001201568
     4.250000000     0.000000021     0.772405603     0.000334087
     4.260000000     0.000000005     0.773808967     0.000072343
     4.270000000     0.000000001     0.775196402     0.000012200
     4.280000000     0.000000000     0.776568271     0.000001602
     4.290000000     0.000000000     0.777924917     0.000000164
     4.300000000     0.000000000     0.779266668     0.000000013
     4.310000000     0.000000000     0.780593830     0.000000001
     4.320000000     0.000000000     0.781906701     0.000000000
     4.330000000     0.000000000     0.783205563     0.000000000
     4.340000000     0.000000000     0.784490685     0.000000000
     4.350000000     0.000000000     0.785762330     0.000000000
     4.360000000     0.000000000     0.787020746     0.000000000
     4.370000000     0.000000000     0.788266175     0.000000000
     4.380000000     0.000000000     0.789498850     0.000000000
     4.390000000     0.000000000     0.790718995     0.000000000
     4.400000000     0.000000000     0.791926829     0.000000000
     4.410000000     0.000000000     0.793122563     0.000000000
     4.420000000     0.000000000     0.794306400     0.000000000
     4.430000000     0.000000000     0.795478538     0.000000000
     4.440000000     0.000000000     0.796639170     0.000000000
     4.450000000     0.000000000     0.797788483     0.000000000
     4.460000000     0.000000000     0.798926657     0.000000000
     4.470000000     0.000000000     0.800053871     0.000000000
     4.480000000     0.000000000     0.801170295     0.000000000
     4.490000000     0.000000000     0.802276097     0.000000000
     4.500000000     0.000000000     0.803371440     0.000000000
     4.510000000     0.000000000     0.804456483     0.000000000
     4.520000000     0.000000000     0.805531381     0.000000000
     4.530000000     0.000000000     0.806596285     0.000000000
     4.540000000     0.000000000     0.807651343     0.000000000
     4.550000000     0.000000000     0.808696698     0.000000000
     4.560000000     0.000000000     0.809732492     0.000000000
     4.570000000     0.000000000     0.810758861     0.000000000
     4.580000000     0.000000000     0.811775941     0.000000000
     4.590000000     0.000000000     0.812783862     0.000000000
     4.600000000     0.000000000     0.813782753     0.000000000
     4.610000000     0.000000000     0.814772739     0.000000000
     4.620000000     0.000000000     0.815753945     0.000000000
     4.630000000     0.000000000     0.816726489     0.000000000
     4.640000000     0.000000000     0.817690490     0.000000000
     4.650000000     0.000000000     0.818646063     0.000000000
     4.660000000     0.000000000     0.819593321     0.000000000
     4.670000000     0.000000000     0.820532374     0.000000000
     4.680000000     0.000000000     0.821463332     0.000000000
     4.690000000     0.000000000     0.822386301     0.000000000
     4.700000000     0.000000000     0.823301385     0.000000000
     4.710000000     0.000000000     0.824208686     0.000000000
     4.720000000     0.000000000     0.825108304     0.000000000
     4.730000000     0.000000000     0.826000338     0.000000000
     4.740000000     0.000000000     0.826884884     0.000000000
     4.750000000     0.000000000     0.827762037     0.000000000
     4.760000000     0.000000000     0.828631890     0.000000000
     4.770000000     0.000000000     0.829494534     0.000000000
     4.780000000     0.000000000     0.830350058     0.000000000
     4.790000000     0.000000000     0.831198551     0.000000000
     4.800000000     0.000000000     0.832040099     0.000000000
     4.810000000     0.000000000     0.832874786     0.000000000
     4.820000000     0.000000000     0.833702697     0.000000000
     4.830000000     0.000000000     0.834523912     0.000000000
     4.840000000     0.000000000     0.835338512     0.000000000
     4.850000000     0.000000000     0.836146577     0.000000000
     4.860000000     0.000000000     0.836948183     0.000000000
     4.870000000     0.000000000     0.837743408     0.000000000
     4.880000000     0.000000000     0.838532327     0.000000000
     4.890000000     0.000000000     0.839315012     0.000000000
     4.900000000     0.000000000     0.840091538     0.000000000
     4.910000000     0.000000000     0.840861975     0.000000000
     4.920000000     0.000000000     0.841626393     0.000000000
     4.930000000     0.000000000     0.842384862     0.000000000
     4.940000000     0.000000000     0.843137449     0.000000000
     4.950000000     0.000000000     0.843884222     0.000000000
     4.960000000     0.000000000     0.844625245     0.000000000
     4.970000000     0.000000000     0.845360585     0.000000000
     4.980000000     0.000000000     0.846090304     0.000000000
     4.990000000     0.000000000     0.846814466     0.000000000
     5.000000000     0.000000000     0.847533131     0.000000000
