 # Column 1: omega
 # Column 2: eps2(omega)
 # Column 3: eps1(omega)
 # Column 4: JDOS(omega)
     0.000000000     0.000000000     1.999834444     0.000000000
     0.010000000     0.000000000     1.999854943     0.000000000
     0.020000000     0.000000000     1.999916449     0.000000000
     0.030000000     0.000000000     2.000018978     0.000000000
     0.040000000     0.000000000     2.000162560     0.000000000
     0.050000000     0.000000000     2.000347236     0.000000000
     0.060000000     0.000000000     2.000573059     0.000000000
     0.070000000     0.000000000     2.000840093     0.000000000
     0.080000000     0.000000000     2.001148415     0.000000000
     0.090000000     0.000000000     2.001498115     0.000000000
     0.100000000     0.000000000     2.001889291     0.000000000
     0.110000000     0.000000000     2.002322058     0.000000000
     0.120000000     0.000000000     2.002796541     0.000000000
     0.130000000     0.000000000     2.003312875     0.000000000
     0.140000000     0.000000000     2.003871212     0.000000000
     0.150000000     0.000000000     2.004471713     0.000000000
     0.160000000     0.000000000     2.005114553     0.000000000
     0.170000000     0.000000000     2.005799920     0.000000000
     0.180000000     0.000000000     2.006528015     0.000000000
     0.190000000     0.000000000     2.007299050     0.000000000
     0.200000000     0.000000000     2.008113254     0.000000000
     0.210000000     0.000000000     2.008970866     0.000000000
     0.220000000     0.000000000     2.009872140     0.000000000
     0.230000000     0.000000000     2.010817345     0.000000000
     0.240000000     0.000000000     2.011806763     0.000000000
     0.250000000     0.000000000     2.012840690     0.000000000
     0.260000000     0.000000000     2.013919438     0.000000000
     0.270000000     0.000000000     2.015043332     0.000000000
     0.280000000     0.000000000     2.016212713     0.000000000
     0.290000000     0.000000000     2.017427937     0.000000000
     0.300000000     0.000000000     2.018689378     0.000000000
     0.310000000     0.000000000     2.019997423     0.000000000
     0.320000000     0.000000000     2.021352476     0.000000000
     0.330000000     0.000000000     2.022754960     0.000000000
     0.340000000     0.000000000     2.024205313     0.000000000
     0.350000000     0.000000000     2.025703991     0.000000000
     0.360000000     0.000000000     2.027251468     0.000000000
     0.370000000     0.000000000     2.028848236     0.000000000
     0.380000000     0.000000000     2.030494807     0.000000000
     0.390000000     0.000000000     2.032191711     0.000000000
     0.400000000     0.000000000     2.033939499     0.000000000
     0.410000000     0.000000000     2.035738742     0.000000000
     0.420000000     0.000000000     2.037590030     0.000000000
     0.430000000     0.000000000     2.039493976     0.000000000
     0.440000000     0.000000000     2.041451217     0.000000000
     0.450000000     0.000000000     2.043462409     0.000000000
     0.460000000     0.000000000     2.045528234     0.000000000
     0.470000000     0.000000000     2.047649397     0.000000000
     0.480000000     0.000000000     2.049826627     0.000000000
     0.490000000     0.000000000     2.052060680     0.000000000
     0.500000000     0.000000000     2.054352337     0.000000000
     0.510000000     0.000000000     2.056702407     0.000000000
     0.520000000     0.000000000     2.059111726     0.000000000
     0.530000000     0.000000000     2.061581160     0.000000000
     0.540000000     0.000000000     2.064111605     0.000000000
     0.550000000     0.000000000     2.066703986     0.000000000
     0.560000000     0.000000000     2.069359261     0.000000000
     0.570000000     0.000000000     2.072078421     0.000000000
     0.580000000     0.000000000     2.074862491     0.000000000
     0.590000000     0.000000000     2.077712532     0.000000000
     0.600000000     0.000000000     2.080629639     0.000000000
     0.610000000     0.000000000     2.083614949     0.000000000
     0.620000000     0.000000000     2.086669634     0.000000000
     0.630000000     0.000000000     2.089794910     0.000000000
     0.640000000     0.000000000     2.092992034     0.000000000
     0.650000000     0.000000000     2.096262305     0.000000000
     0.660000000     0.000000000     2.099607071     0.000000000
     0.670000000     0.000000000     2.103027725     0.000000000
     0.680000000     0.000000000     2.106525709     0.000000000
     0.690000000     0.000000000     2.110102519     0.000000000
     0.700000000     0.000000000     2.113759700     0.000000000
     0.710000000     0.000000000     2.117498857     0.000000000
     0.720000000     0.000000000     2.121321648     0.000000000
     0.730000000     0.000000000     2.125229794     0.000000000
     0.740000000     0.000000000     2.129225079     0.000000000
     0.750000000     0.000000000     2.133309351     0.000000000
     0.760000000     0.000000000     2.137484527     0.000000000
     0.770000000     0.000000000     2.141752594     0.000000000
     0.780000000     0.000000000     2.146115615     0.000000000
     0.790000000     0.000000000     2.150575730     0.000000000
     0.800000000     0.000000000     2.155135161     0.000000000
     0.810000000     0.000000000     2.159796213     0.000000000
     0.820000000     0.000000000     2.164561281     0.000000000
     0.830000000     0.000000000     2.169432856     0.000000000
     0.840000000     0.000000000     2.174413522     0.000000000
     0.850000000     0.000000000     2.179505970     0.000000000
     0.860000000     0.000000000     2.184712994     0.000000000
     0.870000000     0.000000000     2.190037504     0.000000000
     0.880000000     0.000000000     2.195482527     0.000000000
     0.890000000     0.000000000     2.201051216     0.000000000
     0.900000000     0.000000000     2.206746854     0.000000000
     0.910000000     0.000000000     2.212572861     0.000000000
     0.920000000     0.000000000     2.218532803     0.000000000
     0.930000000     0.000000000     2.224630399     0.000000000
     0.940000000     0.000000000     2.230869528     0.000000000
     0.950000000     0.000000000     2.237254242     0.000000000
     0.960000000     0.000000000     2.243788769     0.000000000
     0.970000000     0.000000000     2.250477528     0.000000000
     0.980000000     0.000000000     2.257325141     0.000000000
     0.990000000     0.000000000     2.264336437     0.000000000
     1.000000000     0.000000000     2.271516476     0.000000000
     1.010000000     0.000000000     2.278870550     0.000000000
     1.020000000     0.000000000     2.286404210     0.000000000
     1.030000000     0.000000000     2.294123270     0.000000000
     1.040000000     0.000000000     2.302033831     0.000000000
     1.050000000     0.000000000     2.310142298     0.000000000
     1.060000000     0.000000000     2.318455398     0.000000000
     1.070000000     0.000000000     2.326980199     0.000000000
     1.080000000     0.000000000     2.335724139     0.000000000
     1.090000000     0.000000000     2.344695046     0.000000000
     1.100000000     0.000000000     2.353901165     0.000000000
     1.110000000     0.000000000     2.363351188     0.000000000
     1.120000000     0.000000000     2.373054286     0.000000000
     1.130000000     0.000000000     2.383020143     0.000000000
     1.140000000     0.000000000     2.393258994     0.000000000
     1.150000000     0.000000000     2.403781664     0.000000000
     1.160000000     0.000000000     2.414599614     0.000000000
     1.170000000     0.000000000     2.425724992     0.000000000
     1.180000000     0.000000000     2.437170683     0.000000000
     1.190000000     0.000000000     2.448950371     0.000000000
     1.200000000     0.000000000     2.461078601     0.000000000
     1.210000000     0.000000000     2.473570854     0.000000000
     1.220000000     0.000000000     2.486443623     0.000000000
     1.230000000     0.000000000     2.499714501     0.000000000
     1.240000000     0.000000000     2.513402281     0.000000000
     1.250000000     0.000000000     2.527527056     0.000000000
     1.260000000     0.000000000     2.542110347     0.000000000
     1.270000000     0.000000000     2.557175230     0.000000000
     1.280000000     0.000000000     2.572746488     0.000000000
     1.290000000     0.000000000     2.588850775     0.000000000
     1.300000000     0.000000000     2.605516807     0.000000000
     1.310000000     0.000000000     2.622775567     0.000000000
     1.320000000     0.000000000     2.640660549     0.000000000
     1.330000000     0.000000000     2.659208022     0.000000000
     1.340000000     0.000000000     2.678457334     0.000000000
     1.350000000     0.000000000     2.698451264     0.000000000
     1.360000000     0.000000000     2.719236414     0.000000000
     1.370000000     0.000000000     2.740863661     0.000000000
     1.380000000     0.000000000     2.763388682     0.000000000
     1.390000000     0.000000000     2.786872551     0.000000000
     1.400000000     0.000000000     2.811382437     0.000000000
     1.410000000     0.000000000     2.836992406     0.000000000
     1.420000000     0.000000000     2.863784369     0.000000000
     1.430000000     0.000000000     2.891849181     0.000000000
     1.440000000     0.000000000     2.921287944     0.000000000
     1.450000000     0.000000000     2.952213537     0.000000000
     1.460000000     0.000000000     2.984752448     0.000000000
     1.470000000     0.000000000     3.019046954     0.000000000
     1.480000000     0.000000000     3.055257743     0.000000000
     1.490000000     0.000000000     3.093567089     0.000000000
     1.500000000     0.000000000     3.134182711     0.000000000
     1.510000000     0.000000000     3.177342505     0.000000000
     1.520000000     0.000000000     3.223320387     0.000000000
     1.530000000     0.000000000     3.272433562     0.000000000
     1.540000000     0.000000000     3.325051636     0.000000000
     1.550000000     0.000000000     3.381608165     0.000000000
     1.560000000     0.000000000     3.442615398     0.000000000
     1.570000000     0.000000000     3.508683319     0.000000000
     1.580000000     0.000000000     3.580544495     0.000000000
     1.590000000     0.000000000     3.659086886     0.000000000
     1.600000000     0.000000000     3.745397689     0.000000000
     1.610000000     0.000000000     3.840822707     0.000000000
     1.620000000     0.000000009     3.947047789     0.000000000
     1.630000000     0.000000184     4.066212025     0.000000001
     1.640000000     0.000002972     4.201066966     0.000000013
     1.650000000     0.000037342     4.355202500     0.000000168
     1.660000000     0.000365995     4.533367436     0.000001647
     1.670000000     0.002801770     4.741915557     0.000012630
     1.680000000     0.016783926     4.989380548     0.000075855
     1.690000000     0.078921531     5.287021413     0.000358174
     1.700000000     0.292714444     5.648457165     0.001337270
     1.710000000     0.862599942     6.084426896     0.003981080
     1.720000000     2.040448096     6.575808585     0.009557436
     1.730000000     3.923769878     6.963769052     0.018748382
     1.740000000     6.214257964     6.712070854     0.030418889
     1.750000000     8.181861447     5.453782017     0.041105106
     1.760000000     8.973461740     3.790794258     0.046225086
     1.770000000     8.152962044     1.543256484     0.043037828
     1.780000000     6.100530826     0.304576024     0.033468250
     1.790000000     3.843872808     0.489999904     0.023858959
     1.800000000     2.384970810     1.138478346     0.021258958
     1.810000000     2.125552520     1.814604882     0.029170826
     1.820000000     2.761021310     2.300404180     0.045306290
     1.830000000     3.532759697     2.152967235     0.062405924
     1.840000000     3.707399187     1.135883319     0.072324062
     1.850000000     3.076509217     0.498865661     0.070853170
     1.860000000     2.040679404     0.635354334     0.059565775
     1.870000000     1.189337117     1.041075027     0.044409546
     1.880000000     0.865101914     1.491044440     0.032807656
     1.890000000     1.063968209     1.903547150     0.029831721
     1.900000000     1.537705674     2.161320972     0.035156183
     1.910000000     1.940890702     2.010082223     0.044133191
     1.920000000     2.029460699     1.602059456     0.052503160
     1.930000000     1.800375558     1.531429315     0.058856106
     1.940000000     1.412786600     1.613524145     0.062042506
     1.950000000     1.006522443     1.647668654     0.059455217
     1.960000000     0.645057759     1.800987531     0.050683409
     1.970000000     0.366961506     2.074193334     0.040573945
     1.980000000     0.205440807     2.383369138     0.035771245
     1.990000000     0.164119302     2.699754818     0.039346394
     2.000000000     0.207213104     3.015891338     0.049911982
     2.010000000     0.278552475     3.310187707     0.063694861
     2.020000000     0.346879798     3.572147386     0.075628011
     2.030000000     0.469741383     3.901976603     0.080249204
     2.040000000     0.823714882     4.344667287     0.074793710
     2.050000000     1.623613430     4.858685808     0.062755031
     2.060000000     2.939136664     5.318870803     0.053283885
     2.070000000     4.591354929     5.298539665     0.055464162
     2.080000000     6.279857072     4.454775109     0.071819366
     2.090000000     7.715753481     3.765014957     0.095253188
     2.100000000     8.503538153     2.970655107     0.111936594
     2.110000000     8.143897422     0.875973515     0.111133007
     2.120000000     6.524307646    -0.820062699     0.094859388
     2.130000000     4.271596464    -0.887794849     0.075521602
     2.140000000     2.300272110    -0.295727073     0.063073487
     2.150000000     1.102692816     0.376285351     0.057345004
     2.160000000     0.638339221     0.989446719     0.053379458
     2.170000000     0.738622243     1.599043084     0.050831608
     2.180000000     1.400133281     2.249152724     0.055402530
     2.190000000     2.666498766     2.856342384     0.071308735
     2.200000000     4.303405546     3.116370086     0.094808217
     2.210000000     5.727672088     2.435792114     0.117463362
     2.220000000     6.405400649     1.005574535     0.135084087
     2.230000000     6.280573734     0.245431486     0.150641342
     2.240000000     5.674887962    -0.120254644     0.167806802
     2.250000000     4.861321287    -0.672325544     0.183808848
     2.260000000     3.918554695    -1.048760445     0.190050471
     2.270000000     2.911589450    -1.148749121     0.179529008
     2.280000000     2.014258972    -0.928990183     0.153480052
     2.290000000     1.453847421    -0.542773882     0.121674561
     2.300000000     1.413173909    -0.068963284     0.097457022
     2.310000000     1.927798013     0.413935622     0.091066771
     2.320000000     2.770446441     0.653769141     0.103833758
     2.330000000     3.475636298     0.228947141     0.127562828
     2.340000000     3.625834011    -0.561562183     0.151944302
     2.350000000     3.168162268    -1.039770299     0.173373169
     2.360000000     2.407350456    -1.134392654     0.194483265
     2.370000000     1.699851236    -0.958758115     0.215341537
     2.380000000     1.202649074    -0.799533368     0.229357048
     2.390000000     0.879480379    -0.640041595     0.229908737
     2.400000000     0.647133645    -0.453378659     0.217797021
     2.410000000     0.473903086    -0.232807029     0.200103214
     2.420000000     0.387821532     0.038319946     0.184620549
     2.430000000     0.454654181     0.312115588     0.177554378
     2.440000000     0.750718779     0.585567953     0.183186198
     2.450000000     1.293297519     0.843247992     0.200675121
     2.460000000     1.944294222     0.916087524     0.222251076
     2.470000000     2.422816850     0.548576436     0.240913239
     2.480000000     2.499403736     0.011935776     0.261629776
     2.490000000     2.190845515    -0.301428306     0.298783337
     2.500000000     1.721373735    -0.322330821     0.356747137
     2.510000000     1.302834731    -0.217653518     0.415698353
     2.520000000     1.000944888    -0.163812556     0.446077684
     2.530000000     0.801754810    -0.102913822     0.440904184
     2.540000000     0.726451928     0.082485675     0.425297703
     2.550000000     0.825227077     0.309735039     0.426706114
     2.560000000     1.078165777     0.454525730     0.441727120
     2.570000000     1.350652424     0.418426715     0.440564849
     2.580000000     1.478228418     0.234141448     0.402155991
     2.590000000     1.409715500     0.015388441     0.338834796
     2.600000000     1.255103707     0.008129206     0.285906306
     2.610000000     1.160885302     0.153093562     0.270681100
     2.620000000     1.142550169     0.205724812     0.293292984
     2.630000000     1.085334169     0.034904030     0.335124759
     2.640000000     0.909424550    -0.071547293     0.381603919
     2.650000000     0.672027420     0.030913221     0.432418784
     2.660000000     0.491553331     0.201971750     0.488141217
     2.670000000     0.435074697     0.349905951     0.534869672
     2.680000000     0.513045747     0.469344863     0.554064301
     2.690000000     0.730802094     0.597796975     0.545708588
     2.700000000     1.077637536     0.704509509     0.527671731
     2.710000000     1.458961771     0.677426576     0.510801310
     2.720000000     1.695358822     0.410395001     0.489419303
     2.730000000     1.647727663     0.007044841     0.460332616
     2.740000000     1.343968214    -0.196486402     0.436238102
     2.750000000     0.948431906    -0.172742533     0.432507067
     2.760000000     0.613830678    -0.106159422     0.451521289
     2.770000000     0.392176235    -0.025792062     0.486081541
     2.780000000     0.264150642     0.070393569     0.528480869
     2.790000000     0.197579869     0.173425361     0.570125454
     2.800000000     0.166955334     0.268855784     0.597865962
     2.810000000     0.150090077     0.340842590     0.597064732
     2.820000000     0.130859653     0.404400910     0.562089249
     2.830000000     0.105561023     0.477466982     0.505375979
     2.840000000     0.081351525     0.554598936     0.453087956
     2.850000000     0.069358136     0.636892262     0.427915951
     2.860000000     0.079845183     0.721888090     0.434801305
     2.870000000     0.118152154     0.806079460     0.461500886
     2.880000000     0.178762049     0.882267715     0.489624093
     2.890000000     0.245498145     0.928882638     0.506602653
     2.900000000     0.306359213     0.944965165     0.516235310
     2.910000000     0.369189305     0.980193131     0.542651045
     2.920000000     0.450715910     1.022246632     0.613353678
     2.930000000     0.541329547     1.047770180     0.724768709
     2.940000000     0.591597543     1.007510104     0.828752486
     2.950000000     0.554071666     0.897429573     0.869327203
     2.960000000     0.440225804     0.882266271     0.834971727
     2.970000000     0.320509837     0.957865623     0.763091644
     2.980000000     0.267360056     1.053990325     0.696424539
     2.990000000     0.305592952     1.141445035     0.651339767
     3.000000000     0.402032253     1.211770896     0.624392978
     3.010000000     0.484997312     1.212199771     0.608867079
     3.020000000     0.489801047     1.131636033     0.601358846
     3.030000000     0.407717257     1.113062230     0.603617998
     3.040000000     0.287687325     1.181523231     0.619902128
     3.050000000     0.187954263     1.273501064     0.648516348
     3.060000000     0.137290607     1.371631668     0.678429536
     3.070000000     0.137362687     1.481833166     0.696996623
     3.080000000     0.178061189     1.591913104     0.698599780
     3.090000000     0.240405913     1.687078272     0.684638124
     3.100000000     0.296948565     1.759952267     0.658912008
     3.110000000     0.324854598     1.814517731     0.626195466
     3.120000000     0.322953783     1.886730237     0.593482224
     3.130000000     0.309849674     2.009624624     0.569888698
     3.140000000     0.301874675     2.151739236     0.564301163
     3.150000000     0.301328806     2.293238743     0.578683239
     3.160000000     0.315769936     2.459299724     0.599087694
     3.170000000     0.388769657     2.687839623     0.600515265
     3.180000000     0.609537297     2.966680417     0.572802282
     3.190000000     1.088055867     3.274400575     0.540199611
     3.200000000     1.900901934     3.541119533     0.545643751
     3.210000000     3.031595993     3.634963559     0.613666833
     3.220000000     4.335902908     3.366648729     0.730004534
     3.230000000     5.535444058     2.838289747     0.853103256
     3.240000000     6.258435367     1.943210710     0.940827436
     3.250000000     6.202892324     0.679402904     0.970184494
     3.260000000     5.377014413    -0.369670242     0.944169348
     3.270000000     4.151507559    -0.708232479     0.887078191
     3.280000000     3.002275601    -0.624519317     0.825574613
     3.290000000     2.226663906    -0.490828619     0.768055385
     3.300000000     1.909623920    -0.273308648     0.709268262
     3.310000000     2.016927086     0.038826405     0.655569878
     3.320000000     2.398387623     0.209395396     0.630739655
     3.330000000     2.777287283     0.016340213     0.649262938
     3.340000000     2.889042344    -0.453068391     0.694600764
     3.350000000     2.666578750    -0.739046735     0.733643441
     3.360000000     2.249480684    -0.823910032     0.748372069
     3.370000000     1.824968838    -0.848551930     0.747531767
     3.380000000     1.491229112    -0.761793697     0.750493823
     3.390000000     1.241322890    -0.685648032     0.765295502
     3.400000000     1.032196589    -0.662836027     0.784083308
     3.410000000     0.859689836    -0.564240069     0.796294060
     3.420000000     0.760594882    -0.375601079     0.798663065
     3.430000000     0.743670013    -0.194149945     0.792355281
     3.440000000     0.758143576    -0.136340332     0.781523799
     3.450000000     0.762274082    -0.123892516     0.778569300
     3.460000000     0.796458713     0.009109676     0.799453038
     3.470000000     0.942467905     0.186593509     0.845285390
     3.480000000     1.206685840     0.286965341     0.893022217
     3.490000000     1.474145437     0.228266425     0.910747797
     3.500000000     1.602584006    -0.018119200     0.883543462
     3.510000000     1.559673899    -0.202834738     0.827327516
     3.520000000     1.442105809    -0.208721084     0.781085676
     3.530000000     1.351311838    -0.172950475     0.778690633
     3.540000000     1.283233469    -0.210338648     0.817348628
     3.550000000     1.165787876    -0.342364308     0.857973658
     3.560000000     0.977827409    -0.393636941     0.866885481
     3.570000000     0.787856767    -0.293875254     0.850299918
     3.580000000     0.679215235    -0.148611191     0.836525869
     3.590000000     0.680391911    -0.056528259     0.834007065
     3.600000000     0.778741097     0.005584786     0.823610458
     3.610000000     0.953648769     0.084019774     0.788815094
     3.620000000     1.161160287     0.131006674     0.739482097
     3.630000000     1.324979759    -0.006589227     0.703262106
     3.640000000     1.393090724    -0.199009196     0.698434640
     3.650000000     1.381106492    -0.243240381     0.716292490
     3.660000000     1.321013040    -0.291451011     0.729347409
     3.670000000     1.200197486    -0.431286653     0.716768043
     3.680000000     0.995696977    -0.556116614     0.681832782
     3.690000000     0.743604920    -0.552968428     0.644781229
     3.700000000     0.535561450    -0.455935203     0.619640005
     3.710000000     0.453424632    -0.328541639     0.601448770
     3.720000000     0.513895410    -0.206784512     0.578312814
     3.730000000     0.652211436    -0.136915461     0.550728672
     3.740000000     0.753691879    -0.204141779     0.532253056
     3.750000000     0.733706895    -0.354764749     0.530830527
     3.760000000     0.605258540    -0.381281640     0.534708355
     3.770000000     0.458004521    -0.316369008     0.523743699
     3.780000000     0.373914860    -0.231413863     0.494176334
     3.790000000     0.372918954    -0.160091232     0.462208028
     3.800000000     0.422262046    -0.112320852     0.441946925
     3.810000000     0.476137229    -0.107892908     0.432620260
     3.820000000     0.512117111    -0.135164973     0.431190433
     3.830000000     0.540748493    -0.119588485     0.444555317
     3.840000000     0.577397958    -0.094709883     0.479403972
     3.850000000     0.609934162    -0.122195978     0.524859573
     3.860000000     0.610564488    -0.191333406     0.555547956
     3.870000000     0.577199659    -0.244335505     0.553881942
     3.880000000     0.538951894    -0.228789516     0.522708431
     3.890000000     0.512085181    -0.210760989     0.475038278
     3.900000000     0.473407807    -0.267060336     0.419787229
     3.910000000     0.394040633    -0.331894647     0.359949152
     3.920000000     0.281782387    -0.318751003     0.296665082
     3.930000000     0.172373269    -0.276783927     0.231781605
     3.940000000     0.092425207    -0.231048321     0.171060189
     3.950000000     0.045488041    -0.180364743     0.125370842
     3.960000000     0.024150498    -0.130269106     0.104811313
     3.970000000     0.022565869    -0.083703664     0.111151434
     3.980000000     0.038615100    -0.041158432     0.136699790
     3.990000000     0.068838059    -0.004446348     0.168257813
     4.000000000     0.102325745     0.019388432     0.191323769
     4.010000000     0.122446035     0.016634546     0.195309428
     4.020000000     0.118961780     0.003520824     0.180698441
     4.030000000     0.097345402     0.014082369     0.160699784
     4.040000000     0.072592606     0.035190890     0.150871949
     4.050000000     0.055505258     0.055027739     0.155888935
     4.060000000     0.047129938     0.075589796     0.167898961
     4.070000000     0.043139237     0.093668723     0.175561047
     4.080000000     0.040467854     0.107248006     0.172581496
     4.090000000     0.040663173     0.124769832     0.160734545
     4.100000000     0.047404665     0.146144573     0.147559175
     4.110000000     0.060276312     0.163500374     0.139270471
     4.120000000     0.072567152     0.167077303     0.134656614
     4.130000000     0.077032097     0.163346835     0.128091075
     4.140000000     0.072477519     0.166719021     0.118432524
     4.150000000     0.062862210     0.173526744     0.110500813
     4.160000000     0.051602324     0.181336055     0.106205053
     4.170000000     0.039352564     0.186385685     0.099200597
     4.180000000     0.026514380     0.195483639     0.082225340
     4.190000000     0.015030648     0.209081118     0.056729477
     4.200000000     0.006938014     0.223399963     0.031542746
     4.210000000     0.002559865     0.237007307     0.013929836
     4.220000000     0.000747712     0.249698756     0.004853179
     4.230000000     0.000172107     0.261563806     0.001329710
     4.240000000     0.000031417     0.272728468     0.000289532
     4.250000000     0.000006502     0.283302515     0.000076950
     4.260000000     0.000012527     0.293374092     0.000173717
     4.270000000     0.000054391     0.303013545     0.000756695
     4.280000000     0.000191185     0.312277260     0.002659631
     4.290000000     0.000523769     0.321207189     0.007286374
     4.300000000     0.001117525     0.329814655     0.015547553
     4.310000000     0.001856954     0.338009634     0.025843938
     4.320000000     0.002403100     0.345479419     0.033499034
     4.330000000     0.002421976     0.352234494     0.034014023
     4.340000000     0.001901071     0.359188342     0.027610412
     4.350000000     0.001162177     0.366410849     0.019450523
     4.360000000     0.000553428     0.373568908     0.014909385
     4.370000000     0.000205439     0.380545339     0.015190465
     4.380000000     0.000059649     0.387324839     0.017257006
     4.390000000     0.000013753     0.393916223     0.017232560
     4.400000000     0.000002683     0.400332057     0.013805116
     4.410000000     0.000000539     0.406583966     0.008670205
     4.420000000     0.000000142     0.412682000     0.004246896
     4.430000000     0.000000044     0.418634900     0.001620602
     4.440000000     0.000000012     0.424450342     0.000481656
     4.450000000     0.000000003     0.430135134     0.000111489
     4.460000000     0.000000001     0.435695384     0.000020098
     4.470000000     0.000000000     0.441136628     0.000002822
     4.480000000     0.000000000     0.446463919     0.000000309
     4.490000000     0.000000000     0.451681909     0.000000026
     4.500000000     0.000000000     0.456794896     0.000000002
     4.510000000     0.000000000     0.461806877     0.000000000
     4.520000000     0.000000000     0.466721579     0.000000000
     4.530000000     0.000000000     0.471542494     0.000000000
     4.540000000     0.000000000     0.476272896     0.000000000
     4.550000000     0.000000000     0.480915870     0.000000000
     4.560000000     0.000000000     0.485474327     0.000000000
     4.570000000     0.000000000     0.489951016     0.000000000
     4.580000000     0.000000000     0.494348542     0.000000000
     4.590000000     0.000000000     0.498669377     0.000000000
     4.600000000     0.000000000     0.502915867     0.000000000
     4.610000000     0.000000000     0.507090247     0.000000000
     4.620000000     0.000000000     0.511194644     0.000000000
     4.630000000     0.000000000     0.515231086     0.000000000
     4.640000000     0.000000000     0.519201510     0.000000000
     4.650000000     0.000000000     0.523107769     0.000000000
     4.660000000     0.000000000     0.526951631     0.000000000
     4.670000000     0.000000000     0.530734794     0.000000000
     4.680000000     0.000000000     0.534458882     0.000000000
     4.690000000     0.000000000     0.538125454     0.000000000
     4.700000000     0.000000000     0.541736005     0.000000000
     4.710000000     0.000000000     0.545291972     0.000000000
     4.720000000     0.000000000     0.548794736     0.000000000
     4.730000000     0.000000000     0.552245626     0.000000000
     4.740000000     0.000000000     0.555645919     0.000000000
     4.750000000     0.000000000     0.558996848     0.000000000
     4.760000000     0.000000000     0.562299597     0.000000000
     4.770000000     0.000000000     0.565555312     0.000000000
     4.780000000     0.000000000     0.568765095     0.000000000
     4.790000000     0.000000000     0.571930010     0.000000000
     4.800000000     0.000000000     0.575051087     0.000000000
     4.810000000     0.000000000     0.578129319     0.000000000
     4.820000000     0.000000000     0.581165665     0.000000000
     4.830000000     0.000000000     0.584161054     0.000000000
     4.840000000     0.000000000     0.587116385     0.000000000
     4.850000000     0.000000000     0.590032525     0.000000000
     4.860000000     0.000000000     0.592910317     0.000000000
     4.870000000     0.000000000     0.595750576     0.000000000
     4.880000000     0.000000000     0.598554091     0.000000000
     4.890000000     0.000000000     0.601321627     0.000000000
     4.900000000     0.000000000     0.604053928     0.000000000
     4.910000000     0.000000000     0.606751712     0.000000000
     4.920000000     0.000000000     0.609415679     0.000000000
     4.930000000     0.000000000     0.612046506     0.000000000
     4.940000000     0.000000000     0.614644852     0.000000000
     4.950000000     0.000000000     0.617211355     0.000000000
     4.960000000     0.000000000     0.619746638     0.000000000
     4.970000000     0.000000000     0.622251303     0.000000000
     4.980000000     0.000000000     0.624725938     0.000000000
     4.990000000     0.000000000     0.627171114     0.000000000
     5.000000000     0.000000000     0.629587384     0.000000000
